n = 100
m = 100
h = 0.0100000000

# Scenario : anneaux
# Parametres : rayon=0.28, ep1=0.1, ep2=0.1
# Nombre de sources : 194

sources:
22 45
22 46
22 47
22 48
22 49
22 50
22 51
22 52
22 53
22 54
22 55
23 41
23 42
23 43
23 44
23 45
23 55
23 56
23 57
23 58
23 59
24 39
24 40
24 60
24 61
25 37
25 38
25 62
25 63
26 35
26 36
26 64
26 65
27 34
27 66
28 32
28 33
28 67
28 68
29 31
29 32
29 68
29 69
30 30
30 31
30 69
30 70
31 29
31 30
31 70
31 71
32 28
32 29
32 71
32 72
33 28
33 72
34 27
34 73
35 26
35 27
35 73
35 74
36 26
36 74
37 25
37 75
38 25
38 75
39 24
39 76
40 24
40 76
41 23
41 24
41 76
41 77
42 23
42 77
43 23
43 77
44 23
44 77
45 22
45 23
45 77
45 78
46 22
46 78
47 22
47 78
48 22
48 78
49 22
49 78
50 22
50 78
51 22
51 78
52 22
52 78
53 22
53 78
54 22
54 78
55 22
55 78
56 23
56 77
57 23
57 77
58 23
58 77
59 23
59 24
59 76
59 77
60 24
60 76
61 24
61 76
62 25
62 75
63 25
63 75
64 26
64 74
65 26
65 27
65 73
65 74
66 27
66 73
67 27
67 28
67 72
67 73
68 28
68 29
68 71
68 72
69 29
69 30
69 70
69 71
70 30
70 31
70 69
70 70
71 31
71 32
71 68
71 69
72 32
72 33
72 67
72 68
73 34
73 35
73 65
73 66
74 35
74 36
74 64
74 65
75 37
75 38
75 62
75 63
76 39
76 40
76 41
76 59
76 60
76 61
77 41
77 42
77 43
77 44
77 56
77 57
77 58
77 59
78 45
78 46
78 47
78 48
78 49
78 50
78 51
78 52
78 53
78 54
78 55
