n = 1000
m = 1000
h = 0.0010000000

# Scenario : anneaux
# Parametres : rayon=0.28, ep1=0.1, ep2=0.1
# Nombre de sources : 1960

sources:
220 484
220 485
220 486
220 487
220 488
220 489
220 490
220 491
220 492
220 493
220 494
220 495
220 496
220 497
220 498
220 499
220 500
220 501
220 502
220 503
220 504
220 505
220 506
220 507
220 508
220 509
220 510
220 511
220 512
220 513
220 514
220 515
220 516
221 472
221 473
221 474
221 475
221 476
221 477
221 478
221 479
221 480
221 481
221 482
221 483
221 517
221 518
221 519
221 520
221 521
221 522
221 523
221 524
221 525
221 526
221 527
221 528
222 463
222 464
222 465
222 466
222 467
222 468
222 469
222 470
222 471
222 529
222 530
222 531
222 532
222 533
222 534
222 535
222 536
222 537
223 456
223 457
223 458
223 459
223 460
223 461
223 462
223 463
223 537
223 538
223 539
223 540
223 541
223 542
223 543
223 544
224 450
224 451
224 452
224 453
224 454
224 455
224 545
224 546
224 547
224 548
224 549
224 550
225 445
225 446
225 447
225 448
225 449
225 450
225 550
225 551
225 552
225 553
225 554
225 555
226 440
226 441
226 442
226 443
226 444
226 445
226 555
226 556
226 557
226 558
226 559
226 560
227 436
227 437
227 438
227 439
227 440
227 560
227 561
227 562
227 563
227 564
228 432
228 433
228 434
228 435
228 565
228 566
228 567
228 568
229 428
229 429
229 430
229 431
229 569
229 570
229 571
229 572
230 424
230 425
230 426
230 427
230 573
230 574
230 575
230 576
231 421
231 422
231 423
231 424
231 576
231 577
231 578
231 579
232 418
232 419
232 420
232 580
232 581
232 582
233 414
233 415
233 416
233 417
233 583
233 584
233 585
233 586
234 411
234 412
234 413
234 414
234 586
234 587
234 588
234 589
235 408
235 409
235 410
235 411
235 589
235 590
235 591
235 592
236 406
236 407
236 408
236 592
236 593
236 594
237 403
237 404
237 405
237 595
237 596
237 597
238 400
238 401
238 402
238 598
238 599
238 600
239 397
239 398
239 399
239 400
239 600
239 601
239 602
239 603
240 395
240 396
240 397
240 603
240 604
240 605
241 393
241 394
241 395
241 605
241 606
241 607
242 390
242 391
242 392
242 608
242 609
242 610
243 388
243 389
243 390
243 610
243 611
243 612
244 386
244 387
244 613
244 614
245 383
245 384
245 385
245 615
245 616
245 617
246 382
246 383
246 617
246 618
247 379
247 380
247 381
247 619
247 620
247 621
248 377
248 378
248 379
248 621
248 622
248 623
249 375
249 376
249 377
249 623
249 624
249 625
250 373
250 374
250 626
250 627
251 371
251 372
251 373
251 627
251 628
251 629
252 369
252 370
252 371
252 629
252 630
252 631
253 368
253 369
253 631
253 632
254 366
254 367
254 633
254 634
255 364
255 365
255 635
255 636
256 362
256 363
256 637
256 638
257 360
257 361
257 362
257 638
257 639
257 640
258 358
258 359
258 360
258 640
258 641
258 642
259 357
259 358
259 642
259 643
260 355
260 356
260 357
260 643
260 644
260 645
261 353
261 354
261 355
261 645
261 646
261 647
262 352
262 353
262 647
262 648
263 350
263 351
263 352
263 648
263 649
263 650
264 349
264 350
264 650
264 651
265 347
265 348
265 652
265 653
266 345
266 346
266 347
266 653
266 654
266 655
267 344
267 345
267 655
267 656
268 343
268 344
268 656
268 657
269 341
269 342
269 658
269 659
270 340
270 341
270 659
270 660
271 339
271 661
272 337
272 338
272 662
272 663
273 336
273 664
274 334
274 335
274 665
274 666
275 333
275 334
275 666
275 667
276 331
276 332
276 333
276 667
276 668
276 669
277 330
277 331
277 669
277 670
278 329
278 330
278 670
278 671
279 328
279 672
280 326
280 327
280 673
280 674
281 325
281 326
281 674
281 675
282 324
282 325
282 675
282 676
283 323
283 324
283 676
283 677
284 322
284 678
285 320
285 321
285 679
285 680
286 319
286 320
286 680
286 681
287 318
287 319
287 681
287 682
288 317
288 318
288 682
288 683
289 316
289 684
290 314
290 315
290 685
290 686
291 313
291 314
291 686
291 687
292 312
292 313
292 687
292 688
293 311
293 312
293 688
293 689
294 310
294 311
294 689
294 690
295 309
295 310
295 690
295 691
296 308
296 309
296 691
296 692
297 307
297 693
298 306
298 694
299 305
299 306
299 694
299 695
300 304
300 696
301 303
301 697
302 302
302 303
302 697
302 698
303 301
303 699
304 300
304 700
305 299
305 701
306 298
306 702
307 297
307 703
308 296
308 704
309 295
309 296
309 704
309 705
310 294
310 295
310 705
310 706
311 293
311 294
311 706
311 707
312 292
312 293
312 707
312 708
313 291
313 292
313 708
313 709
314 290
314 291
314 709
314 710
315 290
315 710
316 289
316 711
317 288
317 712
318 287
318 288
318 712
318 713
319 286
319 287
319 713
319 714
320 285
320 286
320 714
320 715
321 285
321 715
322 284
322 716
323 283
323 717
324 282
324 283
324 717
324 718
325 281
325 282
325 718
325 719
326 281
326 719
327 280
327 720
328 279
328 721
329 278
329 279
329 721
329 722
330 277
330 278
330 722
330 723
331 276
331 277
331 723
331 724
332 276
332 724
333 275
333 725
334 274
334 275
334 725
334 726
335 274
335 726
336 273
336 727
337 272
337 273
337 727
337 728
338 271
338 272
338 728
338 729
339 271
339 729
340 270
340 271
340 729
340 730
341 269
341 270
341 730
341 731
342 269
342 731
343 268
343 732
344 267
344 268
344 732
344 733
345 267
345 733
346 266
346 734
347 265
347 266
347 734
347 735
348 265
348 735
349 264
349 736
350 263
350 264
350 736
350 737
351 263
351 737
352 262
352 738
353 262
353 738
354 261
354 739
355 260
355 261
355 739
355 740
356 260
356 740
357 259
357 741
358 258
358 259
358 741
358 742
359 258
359 742
360 257
360 258
360 742
360 743
361 257
361 743
362 256
362 257
362 743
362 744
363 256
363 744
364 255
364 745
365 255
365 745
366 254
366 746
367 254
367 746
368 253
368 747
369 252
369 253
369 747
369 748
370 252
370 748
371 251
371 252
371 748
371 749
372 251
372 749
373 250
373 251
373 749
373 750
374 250
374 750
375 249
375 250
375 750
375 751
376 249
376 751
377 248
377 752
378 248
378 752
379 247
379 248
379 752
379 753
380 247
380 753
381 246
381 247
381 753
381 754
382 246
382 754
383 246
383 754
384 245
384 755
385 244
385 245
385 755
385 756
386 244
386 756
387 244
387 756
388 243
388 757
389 243
389 757
390 242
390 243
390 757
390 758
391 242
391 758
392 242
392 758
393 241
393 759
394 241
394 759
395 240
395 241
395 759
395 760
396 240
396 760
397 240
397 760
398 239
398 761
399 239
399 761
400 238
400 239
400 761
400 762
401 238
401 762
402 238
402 762
403 237
403 763
404 237
404 763
405 236
405 237
405 763
405 764
406 236
406 764
407 236
407 764
408 235
408 236
408 764
408 765
409 235
409 765
410 235
410 765
411 234
411 235
411 765
411 766
412 234
412 766
413 234
413 766
414 233
414 234
414 766
414 767
415 233
415 767
416 233
416 767
417 232
417 233
417 767
417 768
418 232
418 768
419 232
419 768
420 232
420 768
421 231
421 769
422 231
422 769
423 231
423 769
424 230
424 231
424 769
424 770
425 230
425 770
426 230
426 770
427 230
427 770
428 229
428 771
429 229
429 771
430 229
430 771
431 229
431 771
432 228
432 772
433 228
433 772
434 228
434 772
435 228
435 772
436 227
436 228
436 772
436 773
437 227
437 773
438 227
438 773
439 227
439 773
440 226
440 227
440 773
440 774
441 226
441 774
442 226
442 774
443 226
443 774
444 226
444 774
445 225
445 226
445 774
445 775
446 225
446 775
447 225
447 775
448 225
448 775
449 225
449 775
450 224
450 225
450 775
450 776
451 224
451 776
452 224
452 776
453 224
453 776
454 224
454 776
455 224
455 776
456 223
456 224
456 776
456 777
457 223
457 777
458 223
458 777
459 223
459 777
460 223
460 777
461 223
461 777
462 223
462 777
463 222
463 778
464 222
464 778
465 222
465 778
466 222
466 778
467 222
467 778
468 222
468 778
469 222
469 778
470 222
470 778
471 221
471 222
471 778
471 779
472 221
472 779
473 221
473 779
474 221
474 779
475 221
475 779
476 221
476 779
477 221
477 779
478 221
478 779
479 221
479 779
480 221
480 779
481 221
481 779
482 221
482 779
483 221
483 779
484 220
484 780
485 220
485 780
486 220
486 780
487 220
487 780
488 220
488 780
489 220
489 780
490 220
490 780
491 220
491 780
492 220
492 780
493 220
493 780
494 220
494 780
495 220
495 780
496 220
496 780
497 220
497 780
498 220
498 780
499 220
499 780
500 220
500 780
501 220
501 780
502 220
502 780
503 220
503 780
504 220
504 780
505 220
505 780
506 220
506 780
507 220
507 780
508 220
508 780
509 220
509 780
510 220
510 780
511 220
511 780
512 220
512 780
513 220
513 780
514 220
514 780
515 220
515 780
516 220
516 780
517 220
517 221
517 779
517 780
518 221
518 779
519 221
519 779
520 221
520 779
521 221
521 779
522 221
522 779
523 221
523 779
524 221
524 779
525 221
525 779
526 221
526 779
527 221
527 779
528 221
528 779
529 221
529 222
529 778
529 779
530 222
530 778
531 222
531 778
532 222
532 778
533 222
533 778
534 222
534 778
535 222
535 778
536 222
536 778
537 222
537 223
537 777
537 778
538 223
538 777
539 223
539 777
540 223
540 777
541 223
541 777
542 223
542 777
543 223
543 777
544 223
544 224
544 776
544 777
545 224
545 776
546 224
546 776
547 224
547 776
548 224
548 776
549 224
549 776
550 224
550 225
550 775
550 776
551 225
551 775
552 225
552 775
553 225
553 775
554 225
554 775
555 225
555 775
556 226
556 774
557 226
557 774
558 226
558 774
559 226
559 774
560 226
560 227
560 773
560 774
561 227
561 773
562 227
562 773
563 227
563 773
564 227
564 773
565 228
565 772
566 228
566 772
567 228
567 772
568 228
568 772
569 229
569 771
570 229
570 771
571 229
571 771
572 229
572 230
572 770
572 771
573 230
573 770
574 230
574 770
575 230
575 770
576 230
576 231
576 769
576 770
577 231
577 769
578 231
578 769
579 231
579 232
579 768
579 769
580 232
580 768
581 232
581 768
582 232
582 768
583 233
583 767
584 233
584 767
585 233
585 767
586 234
586 766
587 234
587 766
588 234
588 766
589 234
589 235
589 765
589 766
590 235
590 765
591 235
591 765
592 236
592 764
593 236
593 764
594 236
594 764
595 237
595 763
596 237
596 763
597 237
597 763
598 238
598 762
599 238
599 762
600 238
600 239
600 761
600 762
601 239
601 761
602 239
602 761
603 240
603 760
604 240
604 760
605 240
605 760
606 241
606 759
607 241
607 759
608 241
608 242
608 758
608 759
609 242
609 758
610 242
610 243
610 757
610 758
611 243
611 757
612 243
612 244
612 756
612 757
613 244
613 756
614 244
614 756
615 245
615 755
616 245
616 755
617 245
617 246
617 754
617 755
618 246
618 754
619 246
619 247
619 753
619 754
620 247
620 753
621 247
621 248
621 752
621 753
622 248
622 752
623 248
623 249
623 751
623 752
624 249
624 751
625 249
625 250
625 750
625 751
626 250
626 750
627 250
627 750
628 251
628 749
629 251
629 252
629 748
629 749
630 252
630 748
631 252
631 253
631 747
631 748
632 253
632 747
633 253
633 254
633 746
633 747
634 254
634 746
635 255
635 745
636 255
636 745
637 256
637 744
638 256
638 744
639 257
639 743
640 257
640 258
640 742
640 743
641 258
641 742
642 259
642 741
643 259
643 741
644 260
644 740
645 260
645 261
645 739
645 740
646 261
646 739
647 261
647 262
647 738
647 739
648 262
648 263
648 737
648 738
649 263
649 737
650 263
650 264
650 736
650 737
651 264
651 736
652 265
652 735
653 265
653 266
653 734
653 735
654 266
654 734
655 267
655 733
656 267
656 268
656 732
656 733
657 268
657 732
658 269
658 731
659 269
659 270
659 730
659 731
660 270
660 730
661 271
661 729
662 271
662 272
662 728
662 729
663 272
663 273
663 727
663 728
664 273
664 727
665 273
665 274
665 726
665 727
666 274
666 275
666 725
666 726
667 275
667 276
667 724
667 725
668 276
668 724
669 277
669 723
670 277
670 278
670 722
670 723
671 278
671 722
672 279
672 721
673 280
673 720
674 280
674 281
674 719
674 720
675 281
675 282
675 718
675 719
676 282
676 718
677 283
677 717
678 284
678 716
679 284
679 285
679 715
679 716
680 285
680 286
680 714
680 715
681 286
681 287
681 713
681 714
682 287
682 713
683 288
683 712
684 289
684 711
685 289
685 290
685 710
685 711
686 290
686 291
686 709
686 710
687 291
687 292
687 708
687 709
688 292
688 293
688 707
688 708
689 293
689 294
689 706
689 707
690 294
690 295
690 705
690 706
691 295
691 705
692 296
692 704
693 297
693 298
693 702
693 703
694 298
694 702
695 299
695 701
696 300
696 700
697 301
697 699
698 302
698 698
699 303
699 697
700 304
700 696
701 305
701 695
702 306
702 694
703 307
703 308
703 692
703 693
704 308
704 309
704 691
704 692
705 309
705 310
705 690
705 691
706 310
706 311
706 689
706 690
707 311
707 312
707 688
707 689
708 312
708 313
708 687
708 688
709 313
709 314
709 686
709 687
710 315
710 685
711 316
711 684
712 317
712 683
713 318
713 319
713 681
713 682
714 319
714 320
714 680
714 681
715 320
715 321
715 679
715 680
716 321
716 322
716 678
716 679
717 323
717 677
718 324
718 325
718 675
718 676
719 325
719 326
719 674
719 675
720 326
720 327
720 673
720 674
721 327
721 328
721 329
721 671
721 672
721 673
722 329
722 330
722 670
722 671
723 330
723 331
723 669
723 670
724 332
724 668
725 333
725 334
725 666
725 667
726 334
726 335
726 665
726 666
727 336
727 337
727 663
727 664
728 337
728 338
728 662
728 663
729 338
729 339
729 661
729 662
730 340
730 341
730 659
730 660
731 341
731 342
731 658
731 659
732 343
732 344
732 656
732 657
733 344
733 345
733 655
733 656
734 346
734 347
734 653
734 654
735 347
735 348
735 652
735 653
736 349
736 350
736 650
736 651
737 351
737 649
738 352
738 353
738 647
738 648
739 354
739 355
739 645
739 646
740 355
740 356
740 644
740 645
741 357
741 358
741 642
741 643
742 359
742 360
742 640
742 641
743 360
743 361
743 639
743 640
744 362
744 363
744 637
744 638
745 364
745 365
745 635
745 636
746 365
746 366
746 367
746 633
746 634
746 635
747 367
747 368
747 369
747 631
747 632
747 633
748 369
748 370
748 371
748 629
748 630
748 631
749 371
749 372
749 373
749 627
749 628
749 629
750 373
750 374
750 375
750 625
750 626
750 627
751 375
751 376
751 377
751 623
751 624
751 625
752 377
752 378
752 379
752 621
752 622
752 623
753 379
753 380
753 381
753 619
753 620
753 621
754 381
754 382
754 383
754 617
754 618
754 619
755 384
755 385
755 615
755 616
756 386
756 387
756 388
756 612
756 613
756 614
757 388
757 389
757 390
757 610
757 611
757 612
758 390
758 391
758 392
758 608
758 609
758 610
759 393
759 394
759 395
759 605
759 606
759 607
760 395
760 396
760 397
760 603
760 604
760 605
761 398
761 399
761 400
761 600
761 601
761 602
762 400
762 401
762 402
762 598
762 599
762 600
763 403
763 404
763 405
763 595
763 596
763 597
764 406
764 407
764 408
764 592
764 593
764 594
765 408
765 409
765 410
765 411
765 589
765 590
765 591
765 592
766 411
766 412
766 413
766 414
766 586
766 587
766 588
766 589
767 414
767 415
767 416
767 417
767 583
767 584
767 585
767 586
768 417
768 418
768 419
768 420
768 580
768 581
768 582
768 583
769 421
769 422
769 423
769 424
769 576
769 577
769 578
769 579
770 424
770 425
770 426
770 427
770 428
770 572
770 573
770 574
770 575
770 576
771 428
771 429
771 430
771 431
771 569
771 570
771 571
771 572
772 432
772 433
772 434
772 435
772 565
772 566
772 567
772 568
773 436
773 437
773 438
773 439
773 440
773 560
773 561
773 562
773 563
773 564
774 440
774 441
774 442
774 443
774 444
774 556
774 557
774 558
774 559
774 560
775 445
775 446
775 447
775 448
775 449
775 450
775 550
775 551
775 552
775 553
775 554
775 555
776 451
776 452
776 453
776 454
776 455
776 456
776 544
776 545
776 546
776 547
776 548
776 549
777 456
777 457
777 458
777 459
777 460
777 461
777 462
777 538
777 539
777 540
777 541
777 542
777 543
777 544
778 463
778 464
778 465
778 466
778 467
778 468
778 469
778 470
778 471
778 529
778 530
778 531
778 532
778 533
778 534
778 535
778 536
778 537
779 471
779 472
779 473
779 474
779 475
779 476
779 477
779 478
779 479
779 480
779 481
779 482
779 483
779 517
779 518
779 519
779 520
779 521
779 522
779 523
779 524
779 525
779 526
779 527
779 528
779 529
780 484
780 485
780 486
780 487
780 488
780 489
780 490
780 491
780 492
780 493
780 494
780 495
780 496
780 497
780 498
780 499
780 500
780 501
780 502
780 503
780 504
780 505
780 506
780 507
780 508
780 509
780 510
780 511
780 512
780 513
780 514
780 515
780 516
