n = 500
m = 500
h = 0.0020000000

# Scenario : anneaux
# Parametres : rayon=0.28, ep1=0.1, ep2=0.1
# Nombre de sources : 990

sources:
110 238
110 239
110 240
110 241
110 242
110 243
110 244
110 245
110 246
110 247
110 248
110 249
110 250
110 251
110 252
110 253
110 254
110 255
110 256
110 257
110 258
110 259
110 260
110 261
110 262
111 230
111 231
111 232
111 233
111 234
111 235
111 236
111 237
111 238
111 262
111 263
111 264
111 265
111 266
111 267
111 268
111 269
111 270
112 224
112 225
112 226
112 227
112 228
112 229
112 271
112 272
112 273
112 274
112 275
112 276
113 219
113 220
113 221
113 222
113 223
113 277
113 278
113 279
113 280
113 281
114 215
114 216
114 217
114 218
114 219
114 281
114 282
114 283
114 284
114 285
115 211
115 212
115 213
115 214
115 215
115 285
115 286
115 287
115 288
115 289
116 208
116 209
116 210
116 211
116 289
116 290
116 291
116 292
117 205
117 206
117 207
117 293
117 294
117 295
118 202
118 203
118 204
118 296
118 297
118 298
119 200
119 201
119 202
119 298
119 299
119 300
120 197
120 198
120 199
120 301
120 302
120 303
121 195
121 196
121 197
121 303
121 304
121 305
122 192
122 193
122 194
122 306
122 307
122 308
123 190
123 191
123 192
123 308
123 309
123 310
124 188
124 189
124 190
124 310
124 311
124 312
125 186
125 187
125 188
125 312
125 313
125 314
126 184
126 185
126 186
126 314
126 315
126 316
127 182
127 183
127 184
127 316
127 317
127 318
128 181
128 182
128 318
128 319
129 179
129 180
129 320
129 321
130 177
130 178
130 322
130 323
131 176
131 177
131 323
131 324
132 174
132 175
132 325
132 326
133 173
133 327
134 171
134 172
134 328
134 329
135 170
135 171
135 329
135 330
136 168
136 169
136 331
136 332
137 167
137 168
137 332
137 333
138 165
138 166
138 167
138 333
138 334
138 335
139 164
139 165
139 335
139 336
140 163
140 164
140 336
140 337
141 162
141 338
142 160
142 161
142 339
142 340
143 159
143 160
143 340
143 341
144 158
144 159
144 341
144 342
145 157
145 158
145 342
145 343
146 156
146 344
147 155
147 156
147 344
147 345
148 154
148 155
148 345
148 346
149 153
149 347
150 152
150 348
151 151
151 349
152 150
152 350
153 149
153 351
154 148
154 352
155 147
155 148
155 352
155 353
156 146
156 354
157 145
157 146
157 354
157 355
158 144
158 145
158 355
158 356
159 143
159 144
159 356
159 357
160 143
160 357
161 142
161 358
162 141
162 359
163 140
163 141
163 359
163 360
164 139
164 140
164 360
164 361
165 138
165 139
165 361
165 362
166 138
166 362
167 137
167 363
168 136
168 137
168 363
168 364
169 136
169 364
170 135
170 365
171 134
171 135
171 365
171 366
172 134
172 366
173 133
173 367
174 132
174 133
174 367
174 368
175 132
175 368
176 131
176 369
177 130
177 131
177 369
177 370
178 130
178 370
179 129
179 371
180 129
180 371
181 128
181 372
182 128
182 372
183 127
183 373
184 126
184 127
184 373
184 374
185 126
185 374
186 125
186 126
186 374
186 375
187 125
187 375
188 124
188 125
188 375
188 376
189 124
189 376
190 123
190 124
190 376
190 377
191 123
191 377
192 122
192 123
192 377
192 378
193 122
193 378
194 122
194 378
195 121
195 379
196 121
196 379
197 120
197 121
197 379
197 380
198 120
198 380
199 120
199 380
200 119
200 381
201 119
201 381
202 118
202 119
202 381
202 382
203 118
203 382
204 118
204 382
205 117
205 118
205 382
205 383
206 117
206 383
207 117
207 383
208 116
208 117
208 383
208 384
209 116
209 384
210 116
210 384
211 116
211 384
212 115
212 385
213 115
213 385
214 115
214 385
215 114
215 115
215 385
215 386
216 114
216 386
217 114
217 386
218 114
218 386
219 113
219 114
219 386
219 387
220 113
220 387
221 113
221 387
222 113
222 387
223 113
223 387
224 112
224 388
225 112
225 388
226 112
226 388
227 112
227 388
228 112
228 388
229 112
229 388
230 111
230 112
230 388
230 389
231 111
231 389
232 111
232 389
233 111
233 389
234 111
234 389
235 111
235 389
236 111
236 389
237 111
237 389
238 110
238 111
238 389
238 390
239 110
239 390
240 110
240 390
241 110
241 390
242 110
242 390
243 110
243 390
244 110
244 390
245 110
245 390
246 110
246 390
247 110
247 390
248 110
248 390
249 110
249 390
250 110
250 390
251 110
251 390
252 110
252 390
253 110
253 390
254 110
254 390
255 110
255 390
256 110
256 390
257 110
257 390
258 110
258 390
259 110
259 390
260 110
260 390
261 110
261 390
262 111
262 389
263 111
263 389
264 111
264 389
265 111
265 389
266 111
266 389
267 111
267 389
268 111
268 389
269 111
269 389
270 111
270 389
271 112
271 388
272 112
272 388
273 112
273 388
274 112
274 388
275 112
275 388
276 112
276 113
276 387
276 388
277 113
277 387
278 113
278 387
279 113
279 387
280 113
280 387
281 113
281 387
282 114
282 386
283 114
283 386
284 114
284 386
285 114
285 386
286 115
286 385
287 115
287 385
288 115
288 385
289 115
289 116
289 384
289 385
290 116
290 384
291 116
291 384
292 116
292 117
292 383
292 384
293 117
293 383
294 117
294 383
295 117
295 383
296 118
296 382
297 118
297 382
298 118
298 119
298 381
298 382
299 119
299 381
300 119
300 381
301 119
301 120
301 380
301 381
302 120
302 380
303 120
303 121
303 379
303 380
304 121
304 379
305 121
305 379
306 122
306 378
307 122
307 378
308 122
308 123
308 377
308 378
309 123
309 377
310 123
310 124
310 376
310 377
311 124
311 376
312 124
312 125
312 375
312 376
313 125
313 375
314 125
314 126
314 374
314 375
315 126
315 374
316 126
316 127
316 373
316 374
317 127
317 373
318 127
318 128
318 372
318 373
319 128
319 372
320 129
320 371
321 129
321 130
321 370
321 371
322 130
322 370
323 130
323 131
323 369
323 370
324 131
324 369
325 132
325 368
326 132
326 133
326 367
326 368
327 133
327 367
328 134
328 366
329 134
329 135
329 365
329 366
330 135
330 365
331 135
331 136
331 364
331 365
332 136
332 137
332 363
332 364
333 137
333 138
333 362
333 363
334 138
334 362
335 139
335 361
336 139
336 140
336 360
336 361
337 140
337 360
338 141
338 359
339 142
339 358
340 142
340 143
340 357
340 358
341 143
341 144
341 356
341 357
342 144
342 145
342 355
342 356
343 145
343 146
343 354
343 355
344 146
344 147
344 353
344 354
345 147
345 353
346 148
346 352
347 149
347 351
348 150
348 350
349 151
349 349
350 152
350 348
351 153
351 347
352 154
352 346
353 155
353 156
353 344
353 345
354 156
354 157
354 343
354 344
355 157
355 158
355 342
355 343
356 158
356 159
356 341
356 342
357 159
357 160
357 340
357 341
358 161
358 339
359 162
359 163
359 337
359 338
360 163
360 164
360 336
360 337
361 164
361 165
361 335
361 336
362 166
362 334
363 167
363 168
363 332
363 333
364 168
364 169
364 331
364 332
365 170
365 171
365 329
365 330
366 171
366 172
366 328
366 329
367 172
367 173
367 174
367 326
367 327
367 328
368 174
368 175
368 325
368 326
369 175
369 176
369 177
369 323
369 324
369 325
370 177
370 178
370 179
370 321
370 322
370 323
371 179
371 180
371 320
371 321
372 181
372 182
372 318
372 319
373 182
373 183
373 184
373 316
373 317
373 318
374 184
374 185
374 186
374 314
374 315
374 316
375 186
375 187
375 188
375 312
375 313
375 314
376 188
376 189
376 190
376 310
376 311
376 312
377 190
377 191
377 192
377 308
377 309
377 310
378 193
378 194
378 306
378 307
379 194
379 195
379 196
379 304
379 305
379 306
380 197
380 198
380 199
380 301
380 302
380 303
381 199
381 200
381 201
381 202
381 298
381 299
381 300
381 301
382 202
382 203
382 204
382 205
382 295
382 296
382 297
382 298
383 205
383 206
383 207
383 208
383 292
383 293
383 294
383 295
384 208
384 209
384 210
384 211
384 289
384 290
384 291
384 292
385 211
385 212
385 213
385 214
385 215
385 285
385 286
385 287
385 288
385 289
386 215
386 216
386 217
386 218
386 219
386 281
386 282
386 283
386 284
386 285
387 219
387 220
387 221
387 222
387 223
387 277
387 278
387 279
387 280
387 281
388 224
388 225
388 226
388 227
388 228
388 229
388 271
388 272
388 273
388 274
388 275
388 276
389 230
389 231
389 232
389 233
389 234
389 235
389 236
389 237
389 238
389 262
389 263
389 264
389 265
389 266
389 267
389 268
389 269
389 270
390 238
390 239
390 240
390 241
390 242
390 243
390 244
390 245
390 246
390 247
390 248
390 249
390 250
390 251
390 252
390 253
390 254
390 255
390 256
390 257
390 258
390 259
390 260
390 261
390 262
