n = 2000
m = 2000
h = 0.0005000000

# Scenario : anneaux
# Parametres : rayon=0.28, ep1=0.1, ep2=0.1
# Nombre de sources : 3912

sources:
440 977
440 978
440 979
440 980
440 981
440 982
440 983
440 984
440 985
440 986
440 987
440 988
440 989
440 990
440 991
440 992
440 993
440 994
440 995
440 996
440 997
440 998
440 999
440 1000
440 1001
440 1002
440 1003
440 1004
440 1005
440 1006
440 1007
440 1008
440 1009
440 1010
440 1011
440 1012
440 1013
440 1014
440 1015
440 1016
440 1017
440 1018
440 1019
440 1020
440 1021
440 1022
440 1023
441 959
441 960
441 961
441 962
441 963
441 964
441 965
441 966
441 967
441 968
441 969
441 970
441 971
441 972
441 973
441 974
441 975
441 976
441 1024
441 1025
441 1026
441 1027
441 1028
441 1029
441 1030
441 1031
441 1032
441 1033
441 1034
441 1035
441 1036
441 1037
441 1038
441 1039
441 1040
441 1041
442 947
442 948
442 949
442 950
442 951
442 952
442 953
442 954
442 955
442 956
442 957
442 958
442 959
442 1041
442 1042
442 1043
442 1044
442 1045
442 1046
442 1047
442 1048
442 1049
442 1050
442 1051
442 1052
442 1053
443 938
443 939
443 940
443 941
443 942
443 943
443 944
443 945
443 946
443 947
443 1053
443 1054
443 1055
443 1056
443 1057
443 1058
443 1059
443 1060
443 1061
443 1062
444 929
444 930
444 931
444 932
444 933
444 934
444 935
444 936
444 937
444 1063
444 1064
444 1065
444 1066
444 1067
444 1068
444 1069
444 1070
444 1071
445 922
445 923
445 924
445 925
445 926
445 927
445 928
445 929
445 1071
445 1072
445 1073
445 1074
445 1075
445 1076
445 1077
445 1078
446 915
446 916
446 917
446 918
446 919
446 920
446 921
446 1079
446 1080
446 1081
446 1082
446 1083
446 1084
446 1085
447 909
447 910
447 911
447 912
447 913
447 914
447 915
447 1085
447 1086
447 1087
447 1088
447 1089
447 1090
447 1091
448 903
448 904
448 905
448 906
448 907
448 908
448 909
448 1091
448 1092
448 1093
448 1094
448 1095
448 1096
448 1097
449 898
449 899
449 900
449 901
449 902
449 1098
449 1099
449 1100
449 1101
449 1102
450 893
450 894
450 895
450 896
450 897
450 1103
450 1104
450 1105
450 1106
450 1107
451 887
451 888
451 889
451 890
451 891
451 892
451 1108
451 1109
451 1110
451 1111
451 1112
451 1113
452 883
452 884
452 885
452 886
452 887
452 1113
452 1114
452 1115
452 1116
452 1117
453 878
453 879
453 880
453 881
453 882
453 1118
453 1119
453 1120
453 1121
453 1122
454 874
454 875
454 876
454 877
454 878
454 1122
454 1123
454 1124
454 1125
454 1126
455 870
455 871
455 872
455 873
455 1127
455 1128
455 1129
455 1130
456 865
456 866
456 867
456 868
456 869
456 1131
456 1132
456 1133
456 1134
456 1135
457 861
457 862
457 863
457 864
457 865
457 1135
457 1136
457 1137
457 1138
457 1139
458 857
458 858
458 859
458 860
458 861
458 1139
458 1140
458 1141
458 1142
458 1143
459 854
459 855
459 856
459 857
459 1143
459 1144
459 1145
459 1146
460 850
460 851
460 852
460 853
460 1147
460 1148
460 1149
460 1150
461 847
461 848
461 849
461 850
461 1150
461 1151
461 1152
461 1153
462 843
462 844
462 845
462 846
462 1154
462 1155
462 1156
462 1157
463 840
463 841
463 842
463 843
463 1157
463 1158
463 1159
463 1160
464 837
464 838
464 839
464 1161
464 1162
464 1163
465 833
465 834
465 835
465 836
465 1164
465 1165
465 1166
465 1167
466 830
466 831
466 832
466 833
466 1167
466 1168
466 1169
466 1170
467 827
467 828
467 829
467 830
467 1170
467 1171
467 1172
467 1173
468 824
468 825
468 826
468 1174
468 1175
468 1176
469 821
469 822
469 823
469 1177
469 1178
469 1179
470 818
470 819
470 820
470 1180
470 1181
470 1182
471 815
471 816
471 817
471 1183
471 1184
471 1185
472 812
472 813
472 814
472 815
472 1185
472 1186
472 1187
472 1188
473 809
473 810
473 811
473 812
473 1188
473 1189
473 1190
473 1191
474 807
474 808
474 809
474 1191
474 1192
474 1193
475 804
475 805
475 806
475 1194
475 1195
475 1196
476 801
476 802
476 803
476 1197
476 1198
476 1199
477 799
477 800
477 801
477 1199
477 1200
477 1201
478 796
478 797
478 798
478 1202
478 1203
478 1204
479 794
479 795
479 796
479 1204
479 1205
479 1206
480 791
480 792
480 793
480 1207
480 1208
480 1209
481 789
481 790
481 791
481 1209
481 1210
481 1211
482 786
482 787
482 788
482 1212
482 1213
482 1214
483 784
483 785
483 786
483 1214
483 1215
483 1216
484 782
484 783
484 1217
484 1218
485 779
485 780
485 781
485 1219
485 1220
485 1221
486 777
486 778
486 779
486 1221
486 1222
486 1223
487 774
487 775
487 776
487 1224
487 1225
487 1226
488 772
488 773
488 774
488 1226
488 1227
488 1228
489 770
489 771
489 772
489 1228
489 1229
489 1230
490 768
490 769
490 770
490 1230
490 1231
490 1232
491 766
491 767
491 1233
491 1234
492 763
492 764
492 765
492 1235
492 1236
492 1237
493 761
493 762
493 763
493 1237
493 1238
493 1239
494 759
494 760
494 761
494 1239
494 1240
494 1241
495 757
495 758
495 759
495 1241
495 1242
495 1243
496 755
496 756
496 757
496 1243
496 1244
496 1245
497 753
497 754
497 755
497 1245
497 1246
497 1247
498 751
498 752
498 753
498 1247
498 1248
498 1249
499 749
499 750
499 751
499 1249
499 1250
499 1251
500 747
500 748
500 749
500 1251
500 1252
500 1253
501 745
501 746
501 1254
501 1255
502 743
502 744
502 745
502 1255
502 1256
502 1257
503 741
503 742
503 743
503 1257
503 1258
503 1259
504 739
504 740
504 741
504 1259
504 1260
504 1261
505 738
505 739
505 1261
505 1262
506 736
506 737
506 1263
506 1264
507 734
507 735
507 1265
507 1266
508 732
508 733
508 1267
508 1268
509 730
509 731
509 732
509 1268
509 1269
509 1270
510 728
510 729
510 730
510 1270
510 1271
510 1272
511 727
511 728
511 1272
511 1273
512 725
512 726
512 1274
512 1275
513 723
513 724
513 1276
513 1277
514 721
514 722
514 1278
514 1279
515 719
515 720
515 721
515 1279
515 1280
515 1281
516 717
516 718
516 719
516 1281
516 1282
516 1283
517 716
517 717
517 1283
517 1284
518 714
518 715
518 716
518 1284
518 1285
518 1286
519 713
519 714
519 1286
519 1287
520 711
520 712
520 1288
520 1289
521 709
521 710
521 711
521 1289
521 1290
521 1291
522 708
522 709
522 1291
522 1292
523 706
523 707
523 1293
523 1294
524 704
524 705
524 706
524 1294
524 1295
524 1296
525 703
525 704
525 1296
525 1297
526 701
526 702
526 1298
526 1299
527 700
527 701
527 1299
527 1300
528 698
528 699
528 1301
528 1302
529 697
529 698
529 1302
529 1303
530 695
530 696
530 1304
530 1305
531 693
531 694
531 695
531 1305
531 1306
531 1307
532 692
532 693
532 1307
532 1308
533 690
533 691
533 692
533 1308
533 1309
533 1310
534 689
534 690
534 1310
534 1311
535 687
535 688
535 689
535 1311
535 1312
535 1313
536 686
536 687
536 1313
536 1314
537 684
537 685
537 686
537 1314
537 1315
537 1316
538 683
538 684
538 1316
538 1317
539 682
539 683
539 1317
539 1318
540 680
540 681
540 1319
540 1320
541 679
541 680
541 1320
541 1321
542 677
542 678
542 1322
542 1323
543 676
543 677
543 1323
543 1324
544 674
544 675
544 1325
544 1326
545 673
545 674
545 1326
545 1327
546 672
546 673
546 1327
546 1328
547 670
547 671
547 1329
547 1330
548 669
548 670
548 1330
548 1331
549 668
549 1332
550 666
550 667
550 1333
550 1334
551 665
551 666
551 1334
551 1335
552 663
552 664
552 1336
552 1337
553 662
553 663
553 1337
553 1338
554 661
554 662
554 1338
554 1339
555 660
555 661
555 1339
555 1340
556 658
556 659
556 1341
556 1342
557 657
557 658
557 1342
557 1343
558 656
558 657
558 1343
558 1344
559 654
559 655
559 1345
559 1346
560 653
560 654
560 1346
560 1347
561 652
561 653
561 1347
561 1348
562 651
562 1349
563 649
563 650
563 1350
563 1351
564 648
564 649
564 1351
564 1352
565 647
565 648
565 1352
565 1353
566 646
566 647
566 1353
566 1354
567 644
567 645
567 1355
567 1356
568 643
568 644
568 1356
568 1357
569 642
569 643
569 1357
569 1358
570 641
570 642
570 1358
570 1359
571 640
571 1360
572 638
572 639
572 1361
572 1362
573 637
573 638
573 1362
573 1363
574 636
574 637
574 1363
574 1364
575 635
575 636
575 1364
575 1365
576 634
576 1366
577 632
577 633
577 1367
577 1368
578 631
578 632
578 1368
578 1369
579 631
579 1369
580 629
580 630
580 1370
580 1371
581 628
581 629
581 1371
581 1372
582 627
582 628
582 1372
582 1373
583 626
583 627
583 1373
583 1374
584 625
584 1375
585 623
585 624
585 1376
585 1377
586 623
586 1377
587 622
587 1378
588 620
588 621
588 1379
588 1380
589 619
589 620
589 1380
589 1381
590 618
590 619
590 1381
590 1382
591 617
591 618
591 1382
591 1383
592 616
592 617
592 1383
592 1384
593 615
593 616
593 1384
593 1385
594 614
594 615
594 1385
594 1386
595 613
595 614
595 1386
595 1387
596 612
596 1388
597 611
597 612
597 1388
597 1389
598 610
598 611
598 1389
598 1390
599 609
599 1391
600 608
600 1392
601 607
601 608
601 1392
601 1393
602 606
602 1394
603 605
603 1395
604 604
604 605
604 1395
604 1396
605 603
605 1397
606 602
606 1398
607 601
607 1399
608 600
608 1400
609 599
609 1401
610 598
610 1402
611 597
611 598
611 1402
611 1403
612 596
612 1404
613 595
613 1405
614 594
614 595
614 1405
614 1406
615 593
615 594
615 1406
615 1407
616 592
616 593
616 1407
616 1408
617 591
617 592
617 1408
617 1409
618 590
618 591
618 1409
618 1410
619 589
619 590
619 1410
619 1411
620 588
620 589
620 1411
620 1412
621 587
621 588
621 1412
621 1413
622 586
622 587
622 1413
622 1414
623 586
623 1414
624 585
624 1415
625 584
625 1416
626 583
626 584
626 1416
626 1417
627 582
627 583
627 1417
627 1418
628 581
628 582
628 1418
628 1419
629 580
629 581
629 1419
629 1420
630 579
630 580
630 1420
630 1421
631 578
631 579
631 1421
631 1422
632 578
632 1422
633 577
633 1423
634 576
634 1424
635 575
635 576
635 1424
635 1425
636 574
636 575
636 1425
636 1426
637 573
637 574
637 1426
637 1427
638 573
638 1427
639 572
639 1428
640 571
640 1429
641 570
641 571
641 1429
641 1430
642 569
642 570
642 1430
642 1431
643 568
643 569
643 1431
643 1432
644 568
644 1432
645 567
645 1433
646 566
646 1434
647 565
647 566
647 1434
647 1435
648 564
648 565
648 1435
648 1436
649 563
649 564
649 1436
649 1437
650 563
650 1437
651 562
651 1438
652 561
652 562
652 1438
652 1439
653 560
653 561
653 1439
653 1440
654 559
654 560
654 1440
654 1441
655 559
655 1441
656 558
656 1442
657 557
657 1443
658 556
658 557
658 1443
658 1444
659 556
659 1444
660 555
660 1445
661 554
661 555
661 1445
661 1446
662 553
662 554
662 1446
662 1447
663 553
663 1447
664 552
664 1448
665 551
665 1449
666 550
666 551
666 1449
666 1450
667 550
667 1450
668 549
668 1451
669 548
669 549
669 1451
669 1452
670 547
670 548
670 1452
670 1453
671 547
671 1453
672 546
672 1454
673 545
673 546
673 1454
673 1455
674 545
674 1455
675 544
675 1456
676 543
676 1457
677 542
677 543
677 1457
677 1458
678 542
678 1458
679 541
679 1459
680 540
680 541
680 1459
680 1460
681 539
681 540
681 1460
681 1461
682 539
682 1461
683 538
683 539
683 1461
683 1462
684 537
684 538
684 1462
684 1463
685 537
685 1463
686 536
686 537
686 1463
686 1464
687 535
687 536
687 1464
687 1465
688 535
688 1465
689 534
689 1466
690 533
690 534
690 1466
690 1467
691 533
691 1467
692 532
692 1468
693 532
693 1468
694 531
694 1469
695 530
695 1470
696 530
696 1470
697 529
697 1471
698 528
698 1472
699 528
699 1472
700 527
700 1473
701 526
701 527
701 1473
701 1474
702 526
702 1474
703 525
703 1475
704 525
704 1475
705 524
705 1476
706 523
706 1477
707 523
707 1477
708 522
708 1478
709 521
709 522
709 1478
709 1479
710 521
710 1479
711 520
711 1480
712 520
712 1480
713 519
713 1481
714 518
714 519
714 1481
714 1482
715 518
715 1482
716 517
716 1483
717 517
717 1483
718 516
718 1484
719 515
719 516
719 1484
719 1485
720 515
720 1485
721 514
721 515
721 1485
721 1486
722 514
722 1486
723 513
723 514
723 1486
723 1487
724 513
724 1487
725 512
725 1488
726 511
726 512
726 1488
726 1489
727 511
727 1489
728 510
728 511
728 1489
728 1490
729 510
729 1490
730 509
730 1491
731 509
731 1491
732 508
732 1492
733 508
733 1492
734 507
734 1493
735 506
735 507
735 1493
735 1494
736 506
736 1494
737 505
737 506
737 1494
737 1495
738 505
738 1495
739 504
739 505
739 1495
739 1496
740 504
740 1496
741 503
741 504
741 1496
741 1497
742 503
742 1497
743 502
743 503
743 1497
743 1498
744 502
744 1498
745 501
745 502
745 1498
745 1499
746 501
746 1499
747 500
747 501
747 1499
747 1500
748 500
748 1500
749 499
749 1501
750 499
750 1501
751 498
751 499
751 1501
751 1502
752 498
752 1502
753 497
753 498
753 1502
753 1503
754 497
754 1503
755 496
755 497
755 1503
755 1504
756 496
756 1504
757 495
757 496
757 1504
757 1505
758 495
758 1505
759 494
759 495
759 1505
759 1506
760 494
760 1506
761 494
761 1506
762 493
762 1507
763 492
763 493
763 1507
763 1508
764 492
764 1508
765 492
765 1508
766 491
766 1509
767 491
767 1509
768 490
768 1510
769 490
769 1510
770 489
770 490
770 1510
770 1511
771 489
771 1511
772 488
772 489
772 1511
772 1512
773 488
773 1512
774 487
774 488
774 1512
774 1513
775 487
775 1513
776 487
776 1513
777 486
777 1514
778 486
778 1514
779 485
779 486
779 1514
779 1515
780 485
780 1515
781 485
781 1515
782 484
782 1516
783 484
783 1516
784 483
784 1517
785 483
785 1517
786 482
786 483
786 1517
786 1518
787 482
787 1518
788 481
788 482
788 1518
788 1519
789 481
789 1519
790 481
790 1519
791 480
791 481
791 1519
791 1520
792 480
792 1520
793 480
793 1520
794 479
794 1521
795 479
795 1521
796 478
796 479
796 1521
796 1522
797 478
797 1522
798 478
798 1522
799 477
799 1523
800 477
800 1523
801 477
801 1523
802 476
802 1524
803 476
803 1524
804 475
804 476
804 1524
804 1525
805 475
805 1525
806 475
806 1525
807 474
807 1526
808 474
808 1526
809 473
809 474
809 1526
809 1527
810 473
810 1527
811 473
811 1527
812 472
812 473
812 1527
812 1528
813 472
813 1528
814 472
814 1528
815 471
815 1529
816 471
816 1529
817 471
817 1529
818 470
818 1530
819 470
819 1530
820 470
820 1530
821 469
821 1531
822 469
822 1531
823 469
823 1531
824 468
824 1532
825 468
825 1532
826 468
826 1532
827 467
827 1533
828 467
828 1533
829 467
829 1533
830 466
830 1534
831 466
831 1534
832 466
832 1534
833 465
833 466
833 1534
833 1535
834 465
834 1535
835 465
835 1535
836 464
836 465
836 1535
836 1536
837 464
837 1536
838 464
838 1536
839 464
839 1536
840 463
840 1537
841 463
841 1537
842 463
842 1537
843 462
843 463
843 1537
843 1538
844 462
844 1538
845 462
845 1538
846 461
846 462
846 1538
846 1539
847 461
847 1539
848 461
848 1539
849 461
849 1539
850 460
850 461
850 1539
850 1540
851 460
851 1540
852 460
852 1540
853 460
853 1540
854 459
854 1541
855 459
855 1541
856 459
856 1541
857 458
857 459
857 1541
857 1542
858 458
858 1542
859 458
859 1542
860 458
860 1542
861 457
861 458
861 1542
861 1543
862 457
862 1543
863 457
863 1543
864 457
864 1543
865 457
865 1543
866 456
866 1544
867 456
867 1544
868 456
868 1544
869 456
869 1544
870 455
870 1545
871 455
871 1545
872 455
872 1545
873 455
873 1545
874 454
874 1546
875 454
875 1546
876 454
876 1546
877 454
877 1546
878 453
878 1547
879 453
879 1547
880 453
880 1547
881 453
881 1547
882 452
882 453
882 1547
882 1548
883 452
883 1548
884 452
884 1548
885 452
885 1548
886 452
886 1548
887 452
887 1548
888 451
888 1549
889 451
889 1549
890 451
890 1549
891 451
891 1549
892 450
892 451
892 1549
892 1550
893 450
893 1550
894 450
894 1550
895 450
895 1550
896 450
896 1550
897 449
897 450
897 1550
897 1551
898 449
898 1551
899 449
899 1551
900 449
900 1551
901 449
901 1551
902 449
902 1551
903 448
903 1552
904 448
904 1552
905 448
905 1552
906 448
906 1552
907 448
907 1552
908 448
908 1552
909 447
909 448
909 1552
909 1553
910 447
910 1553
911 447
911 1553
912 447
912 1553
913 447
913 1553
914 447
914 1553
915 446
915 447
915 1553
915 1554
916 446
916 1554
917 446
917 1554
918 446
918 1554
919 446
919 1554
920 446
920 1554
921 446
921 1554
922 445
922 446
922 1554
922 1555
923 445
923 1555
924 445
924 1555
925 445
925 1555
926 445
926 1555
927 445
927 1555
928 445
928 1555
929 444
929 445
929 1555
929 1556
930 444
930 1556
931 444
931 1556
932 444
932 1556
933 444
933 1556
934 444
934 1556
935 444
935 1556
936 444
936 1556
937 444
937 1556
938 443
938 1557
939 443
939 1557
940 443
940 1557
941 443
941 1557
942 443
942 1557
943 443
943 1557
944 443
944 1557
945 443
945 1557
946 443
946 1557
947 443
947 1557
948 442
948 1558
949 442
949 1558
950 442
950 1558
951 442
951 1558
952 442
952 1558
953 442
953 1558
954 442
954 1558
955 442
955 1558
956 442
956 1558
957 442
957 1558
958 442
958 1558
959 441
959 442
959 1558
959 1559
960 441
960 1559
961 441
961 1559
962 441
962 1559
963 441
963 1559
964 441
964 1559
965 441
965 1559
966 441
966 1559
967 441
967 1559
968 441
968 1559
969 441
969 1559
970 441
970 1559
971 441
971 1559
972 441
972 1559
973 441
973 1559
974 441
974 1559
975 441
975 1559
976 441
976 1559
977 440
977 1560
978 440
978 1560
979 440
979 1560
980 440
980 1560
981 440
981 1560
982 440
982 1560
983 440
983 1560
984 440
984 1560
985 440
985 1560
986 440
986 1560
987 440
987 1560
988 440
988 1560
989 440
989 1560
990 440
990 1560
991 440
991 1560
992 440
992 1560
993 440
993 1560
994 440
994 1560
995 440
995 1560
996 440
996 1560
997 440
997 1560
998 440
998 1560
999 440
999 1560
1000 440
1000 1560
1001 440
1001 1560
1002 440
1002 1560
1003 440
1003 1560
1004 440
1004 1560
1005 440
1005 1560
1006 440
1006 1560
1007 440
1007 1560
1008 440
1008 1560
1009 440
1009 1560
1010 440
1010 1560
1011 440
1011 1560
1012 440
1012 1560
1013 440
1013 1560
1014 440
1014 1560
1015 440
1015 1560
1016 440
1016 1560
1017 440
1017 1560
1018 440
1018 1560
1019 440
1019 1560
1020 440
1020 1560
1021 440
1021 1560
1022 440
1022 1560
1023 440
1023 1560
1024 441
1024 1559
1025 441
1025 1559
1026 441
1026 1559
1027 441
1027 1559
1028 441
1028 1559
1029 441
1029 1559
1030 441
1030 1559
1031 441
1031 1559
1032 441
1032 1559
1033 441
1033 1559
1034 441
1034 1559
1035 441
1035 1559
1036 441
1036 1559
1037 441
1037 1559
1038 441
1038 1559
1039 441
1039 1559
1040 441
1040 1559
1041 441
1041 442
1041 1558
1041 1559
1042 442
1042 1558
1043 442
1043 1558
1044 442
1044 1558
1045 442
1045 1558
1046 442
1046 1558
1047 442
1047 1558
1048 442
1048 1558
1049 442
1049 1558
1050 442
1050 1558
1051 442
1051 1558
1052 442
1052 1558
1053 442
1053 443
1053 1557
1053 1558
1054 443
1054 1557
1055 443
1055 1557
1056 443
1056 1557
1057 443
1057 1557
1058 443
1058 1557
1059 443
1059 1557
1060 443
1060 1557
1061 443
1061 1557
1062 443
1062 1557
1063 444
1063 1556
1064 444
1064 1556
1065 444
1065 1556
1066 444
1066 1556
1067 444
1067 1556
1068 444
1068 1556
1069 444
1069 1556
1070 444
1070 1556
1071 445
1071 1555
1072 445
1072 1555
1073 445
1073 1555
1074 445
1074 1555
1075 445
1075 1555
1076 445
1076 1555
1077 445
1077 1555
1078 445
1078 1555
1079 446
1079 1554
1080 446
1080 1554
1081 446
1081 1554
1082 446
1082 1554
1083 446
1083 1554
1084 446
1084 1554
1085 446
1085 447
1085 1553
1085 1554
1086 447
1086 1553
1087 447
1087 1553
1088 447
1088 1553
1089 447
1089 1553
1090 447
1090 1553
1091 447
1091 1553
1092 448
1092 1552
1093 448
1093 1552
1094 448
1094 1552
1095 448
1095 1552
1096 448
1096 1552
1097 448
1097 449
1097 1551
1097 1552
1098 449
1098 1551
1099 449
1099 1551
1100 449
1100 1551
1101 449
1101 1551
1102 449
1102 1551
1103 450
1103 1550
1104 450
1104 1550
1105 450
1105 1550
1106 450
1106 1550
1107 450
1107 1550
1108 450
1108 451
1108 1549
1108 1550
1109 451
1109 1549
1110 451
1110 1549
1111 451
1111 1549
1112 451
1112 1549
1113 451
1113 452
1113 1548
1113 1549
1114 452
1114 1548
1115 452
1115 1548
1116 452
1116 1548
1117 452
1117 1548
1118 453
1118 1547
1119 453
1119 1547
1120 453
1120 1547
1121 453
1121 1547
1122 453
1122 454
1122 1546
1122 1547
1123 454
1123 1546
1124 454
1124 1546
1125 454
1125 1546
1126 454
1126 1546
1127 454
1127 455
1127 1545
1127 1546
1128 455
1128 1545
1129 455
1129 1545
1130 455
1130 1545
1131 455
1131 456
1131 1544
1131 1545
1132 456
1132 1544
1133 456
1133 1544
1134 456
1134 1544
1135 456
1135 457
1135 1543
1135 1544
1136 457
1136 1543
1137 457
1137 1543
1138 457
1138 1543
1139 457
1139 458
1139 1542
1139 1543
1140 458
1140 1542
1141 458
1141 1542
1142 458
1142 1542
1143 459
1143 1541
1144 459
1144 1541
1145 459
1145 1541
1146 459
1146 1541
1147 460
1147 1540
1148 460
1148 1540
1149 460
1149 1540
1150 460
1150 461
1150 1539
1150 1540
1151 461
1151 1539
1152 461
1152 1539
1153 461
1153 1539
1154 462
1154 1538
1155 462
1155 1538
1156 462
1156 1538
1157 462
1157 463
1157 1537
1157 1538
1158 463
1158 1537
1159 463
1159 1537
1160 463
1160 1537
1161 464
1161 1536
1162 464
1162 1536
1163 464
1163 1536
1164 465
1164 1535
1165 465
1165 1535
1166 465
1166 1535
1167 465
1167 466
1167 1534
1167 1535
1168 466
1168 1534
1169 466
1169 1534
1170 466
1170 467
1170 1533
1170 1534
1171 467
1171 1533
1172 467
1172 1533
1173 467
1173 468
1173 1532
1173 1533
1174 468
1174 1532
1175 468
1175 1532
1176 468
1176 469
1176 1531
1176 1532
1177 469
1177 1531
1178 469
1178 1531
1179 469
1179 470
1179 1530
1179 1531
1180 470
1180 1530
1181 470
1181 1530
1182 470
1182 471
1182 1529
1182 1530
1183 471
1183 1529
1184 471
1184 1529
1185 471
1185 472
1185 1528
1185 1529
1186 472
1186 1528
1187 472
1187 1528
1188 472
1188 473
1188 1527
1188 1528
1189 473
1189 1527
1190 473
1190 1527
1191 473
1191 474
1191 1526
1191 1527
1192 474
1192 1526
1193 474
1193 1526
1194 475
1194 1525
1195 475
1195 1525
1196 475
1196 1525
1197 476
1197 1524
1198 476
1198 1524
1199 476
1199 477
1199 1523
1199 1524
1200 477
1200 1523
1201 477
1201 1523
1202 478
1202 1522
1203 478
1203 1522
1204 478
1204 479
1204 1521
1204 1522
1205 479
1205 1521
1206 479
1206 1521
1207 480
1207 1520
1208 480
1208 1520
1209 480
1209 481
1209 1519
1209 1520
1210 481
1210 1519
1211 481
1211 1519
1212 482
1212 1518
1213 482
1213 1518
1214 482
1214 483
1214 1517
1214 1518
1215 483
1215 1517
1216 483
1216 1517
1217 484
1217 1516
1218 484
1218 1516
1219 484
1219 485
1219 1515
1219 1516
1220 485
1220 1515
1221 485
1221 486
1221 1514
1221 1515
1222 486
1222 1514
1223 486
1223 1514
1224 487
1224 1513
1225 487
1225 1513
1226 488
1226 1512
1227 488
1227 1512
1228 488
1228 489
1228 1511
1228 1512
1229 489
1229 1511
1230 489
1230 1511
1231 490
1231 1510
1232 490
1232 491
1232 1509
1232 1510
1233 491
1233 1509
1234 491
1234 1509
1235 492
1235 1508
1236 492
1236 1508
1237 493
1237 1507
1238 493
1238 1507
1239 493
1239 494
1239 1506
1239 1507
1240 494
1240 1506
1241 494
1241 495
1241 1505
1241 1506
1242 495
1242 1505
1243 495
1243 496
1243 1504
1243 1505
1244 496
1244 1504
1245 496
1245 497
1245 1503
1245 1504
1246 497
1246 1503
1247 497
1247 1503
1248 498
1248 1502
1249 498
1249 499
1249 1501
1249 1502
1250 499
1250 1501
1251 499
1251 500
1251 1500
1251 1501
1252 500
1252 1500
1253 500
1253 501
1253 1499
1253 1500
1254 501
1254 1499
1255 501
1255 1499
1256 502
1256 1498
1257 502
1257 503
1257 1497
1257 1498
1258 503
1258 1497
1259 503
1259 504
1259 1496
1259 1497
1260 504
1260 1496
1261 504
1261 505
1261 1495
1261 1496
1262 505
1262 1495
1263 505
1263 506
1263 1494
1263 1495
1264 506
1264 1494
1265 507
1265 1493
1266 507
1266 1493
1267 508
1267 1492
1268 508
1268 1492
1269 509
1269 1491
1270 509
1270 510
1270 1490
1270 1491
1271 510
1271 1490
1272 510
1272 511
1272 1489
1272 1490
1273 511
1273 1489
1274 511
1274 512
1274 1488
1274 1489
1275 512
1275 1488
1276 513
1276 1487
1277 513
1277 1487
1278 514
1278 1486
1279 514
1279 515
1279 1485
1279 1486
1280 515
1280 1485
1281 516
1281 1484
1282 516
1282 1484
1283 517
1283 1483
1284 517
1284 518
1284 1482
1284 1483
1285 518
1285 1482
1286 518
1286 519
1286 1481
1286 1482
1287 519
1287 1481
1288 519
1288 520
1288 1480
1288 1481
1289 520
1289 521
1289 1479
1289 1480
1290 521
1290 1479
1291 521
1291 522
1291 1478
1291 1479
1292 522
1292 1478
1293 522
1293 523
1293 1477
1293 1478
1294 523
1294 524
1294 1476
1294 1477
1295 524
1295 1476
1296 524
1296 525
1296 1475
1296 1476
1297 525
1297 526
1297 1474
1297 1475
1298 526
1298 1474
1299 526
1299 527
1299 1473
1299 1474
1300 527
1300 1473
1301 527
1301 528
1301 1472
1301 1473
1302 528
1302 529
1302 1471
1302 1472
1303 529
1303 1471
1304 529
1304 530
1304 1470
1304 1471
1305 530
1305 531
1305 1469
1305 1470
1306 531
1306 1469
1307 531
1307 532
1307 1468
1307 1469
1308 532
1308 533
1308 1467
1308 1468
1309 533
1309 1467
1310 533
1310 534
1310 1466
1310 1467
1311 534
1311 535
1311 1465
1311 1466
1312 535
1312 1465
1313 535
1313 536
1313 1464
1313 1465
1314 536
1314 1464
1315 537
1315 1463
1316 538
1316 1462
1317 538
1317 1462
1318 539
1318 1461
1319 540
1319 1460
1320 540
1320 541
1320 1459
1320 1460
1321 541
1321 1459
1322 542
1322 1458
1323 542
1323 543
1323 1457
1323 1458
1324 543
1324 544
1324 1456
1324 1457
1325 544
1325 1456
1326 544
1326 545
1326 1455
1326 1456
1327 545
1327 546
1327 1454
1327 1455
1328 546
1328 1454
1329 547
1329 1453
1330 547
1330 548
1330 1452
1330 1453
1331 548
1331 1452
1332 549
1332 1451
1333 550
1333 1450
1334 550
1334 551
1334 1449
1334 1450
1335 551
1335 552
1335 1448
1335 1449
1336 552
1336 1448
1337 553
1337 1447
1338 553
1338 554
1338 1446
1338 1447
1339 554
1339 1446
1340 555
1340 1445
1341 556
1341 1444
1342 556
1342 557
1342 1443
1342 1444
1343 557
1343 558
1343 1442
1343 1443
1344 558
1344 1442
1345 559
1345 1441
1346 560
1346 1440
1347 560
1347 561
1347 1439
1347 1440
1348 561
1348 1439
1349 562
1349 1438
1350 562
1350 563
1350 1437
1350 1438
1351 563
1351 564
1351 1436
1351 1437
1352 564
1352 565
1352 1435
1352 1436
1353 565
1353 1435
1354 566
1354 1434
1355 567
1355 1433
1356 567
1356 568
1356 1432
1356 1433
1357 568
1357 569
1357 1431
1357 1432
1358 569
1358 570
1358 1430
1358 1431
1359 570
1359 1430
1360 571
1360 1429
1361 572
1361 1428
1362 572
1362 573
1362 1427
1362 1428
1363 573
1363 574
1363 1426
1363 1427
1364 574
1364 575
1364 1425
1364 1426
1365 575
1365 1425
1366 576
1366 577
1366 1423
1366 1424
1367 577
1367 1423
1368 578
1368 1422
1369 579
1369 1421
1370 579
1370 580
1370 1420
1370 1421
1371 580
1371 581
1371 1419
1371 1420
1372 581
1372 582
1372 1418
1372 1419
1373 582
1373 583
1373 1417
1373 1418
1374 583
1374 1417
1375 584
1375 1416
1376 585
1376 1415
1377 586
1377 1414
1378 587
1378 1413
1379 587
1379 588
1379 1412
1379 1413
1380 588
1380 589
1380 1411
1380 1412
1381 589
1381 590
1381 1410
1381 1411
1382 590
1382 591
1382 1409
1382 1410
1383 591
1383 592
1383 1408
1383 1409
1384 592
1384 593
1384 1407
1384 1408
1385 593
1385 594
1385 1406
1385 1407
1386 594
1386 1406
1387 595
1387 596
1387 1404
1387 1405
1388 596
1388 597
1388 1403
1388 1404
1389 597
1389 1403
1390 598
1390 1402
1391 599
1391 600
1391 1400
1391 1401
1392 600
1392 1400
1393 601
1393 1399
1394 602
1394 1398
1395 603
1395 1397
1396 604
1396 1396
1397 605
1397 1395
1398 606
1398 1394
1399 607
1399 1393
1400 608
1400 1392
1401 609
1401 610
1401 1390
1401 1391
1402 610
1402 1390
1403 611
1403 1389
1404 612
1404 613
1404 1387
1404 1388
1405 613
1405 614
1405 1386
1405 1387
1406 614
1406 1386
1407 615
1407 616
1407 1384
1407 1385
1408 616
1408 617
1408 1383
1408 1384
1409 617
1409 618
1409 1382
1409 1383
1410 618
1410 619
1410 1381
1410 1382
1411 619
1411 620
1411 1380
1411 1381
1412 620
1412 621
1412 1379
1412 1380
1413 621
1413 622
1413 1378
1413 1379
1414 623
1414 1377
1415 624
1415 1376
1416 625
1416 626
1416 1374
1416 1375
1417 626
1417 1374
1418 627
1418 628
1418 1372
1418 1373
1419 628
1419 629
1419 1371
1419 1372
1420 629
1420 630
1420 1370
1420 1371
1421 630
1421 631
1421 1369
1421 1370
1422 632
1422 1368
1423 633
1423 1367
1424 634
1424 635
1424 1365
1424 1366
1425 635
1425 636
1425 1364
1425 1365
1426 636
1426 637
1426 1363
1426 1364
1427 637
1427 638
1427 1362
1427 1363
1428 639
1428 1361
1429 640
1429 1360
1430 641
1430 1359
1431 642
1431 643
1431 1357
1431 1358
1432 643
1432 644
1432 1356
1432 1357
1433 644
1433 645
1433 1355
1433 1356
1434 646
1434 1354
1435 647
1435 648
1435 1352
1435 1353
1436 648
1436 649
1436 1351
1436 1352
1437 650
1437 1350
1438 651
1438 652
1438 1348
1438 1349
1439 652
1439 653
1439 1347
1439 1348
1440 653
1440 654
1440 1346
1440 1347
1441 654
1441 655
1441 1345
1441 1346
1442 656
1442 657
1442 1343
1442 1344
1443 657
1443 658
1443 1342
1443 1343
1444 658
1444 659
1444 1341
1444 1342
1445 659
1445 660
1445 1340
1445 1341
1446 661
1446 662
1446 1338
1446 1339
1447 662
1447 663
1447 1337
1447 1338
1448 664
1448 1336
1449 665
1449 666
1449 1334
1449 1335
1450 666
1450 667
1450 1333
1450 1334
1451 667
1451 668
1451 669
1451 1331
1451 1332
1451 1333
1452 669
1452 670
1452 1330
1452 1331
1453 670
1453 671
1453 1329
1453 1330
1454 672
1454 1328
1455 673
1455 674
1455 1326
1455 1327
1456 675
1456 1325
1457 676
1457 677
1457 1323
1457 1324
1458 677
1458 678
1458 1322
1458 1323
1459 679
1459 680
1459 1320
1459 1321
1460 680
1460 681
1460 1319
1460 1320
1461 681
1461 682
1461 683
1461 1317
1461 1318
1461 1319
1462 683
1462 684
1462 1316
1462 1317
1463 684
1463 685
1463 1315
1463 1316
1464 686
1464 687
1464 1313
1464 1314
1465 688
1465 1312
1466 689
1466 690
1466 1310
1466 1311
1467 691
1467 1309
1468 692
1468 693
1468 1307
1468 1308
1469 694
1469 695
1469 1305
1469 1306
1470 695
1470 696
1470 1304
1470 1305
1471 697
1471 698
1471 1302
1471 1303
1472 698
1472 699
1472 1301
1472 1302
1473 700
1473 701
1473 1299
1473 1300
1474 701
1474 702
1474 1298
1474 1299
1475 703
1475 704
1475 1296
1475 1297
1476 704
1476 705
1476 706
1476 1294
1476 1295
1476 1296
1477 706
1477 707
1477 1293
1477 1294
1478 708
1478 709
1478 1291
1478 1292
1479 709
1479 710
1479 1290
1479 1291
1480 711
1480 712
1480 1288
1480 1289
1481 713
1481 714
1481 1286
1481 1287
1482 714
1482 715
1482 1285
1482 1286
1483 716
1483 717
1483 1283
1483 1284
1484 718
1484 719
1484 1281
1484 1282
1485 720
1485 721
1485 1279
1485 1280
1486 721
1486 722
1486 1278
1486 1279
1487 723
1487 724
1487 1276
1487 1277
1488 725
1488 726
1488 1274
1488 1275
1489 726
1489 727
1489 728
1489 1272
1489 1273
1489 1274
1490 728
1490 729
1490 730
1490 1270
1490 1271
1490 1272
1491 730
1491 731
1491 1269
1491 1270
1492 732
1492 733
1492 1267
1492 1268
1493 734
1493 735
1493 1265
1493 1266
1494 736
1494 737
1494 1263
1494 1264
1495 737
1495 738
1495 739
1495 1261
1495 1262
1495 1263
1496 739
1496 740
1496 741
1496 1259
1496 1260
1496 1261
1497 741
1497 742
1497 1258
1497 1259
1498 743
1498 744
1498 745
1498 1255
1498 1256
1498 1257
1499 745
1499 746
1499 747
1499 1253
1499 1254
1499 1255
1500 747
1500 748
1500 749
1500 1251
1500 1252
1500 1253
1501 749
1501 750
1501 1250
1501 1251
1502 751
1502 752
1502 753
1502 1247
1502 1248
1502 1249
1503 753
1503 754
1503 755
1503 1245
1503 1246
1503 1247
1504 755
1504 756
1504 757
1504 1243
1504 1244
1504 1245
1505 757
1505 758
1505 759
1505 1241
1505 1242
1505 1243
1506 759
1506 760
1506 761
1506 1239
1506 1240
1506 1241
1507 761
1507 762
1507 763
1507 1237
1507 1238
1507 1239
1508 764
1508 765
1508 1235
1508 1236
1509 766
1509 767
1509 1233
1509 1234
1510 768
1510 769
1510 1231
1510 1232
1511 770
1511 771
1511 772
1511 1228
1511 1229
1511 1230
1512 772
1512 773
1512 774
1512 1226
1512 1227
1512 1228
1513 775
1513 776
1513 777
1513 1223
1513 1224
1513 1225
1514 777
1514 778
1514 1222
1514 1223
1515 779
1515 780
1515 781
1515 1219
1515 1220
1515 1221
1516 781
1516 782
1516 783
1516 1217
1516 1218
1516 1219
1517 784
1517 785
1517 786
1517 1214
1517 1215
1517 1216
1518 786
1518 787
1518 788
1518 1212
1518 1213
1518 1214
1519 789
1519 790
1519 791
1519 1209
1519 1210
1519 1211
1520 791
1520 792
1520 793
1520 1207
1520 1208
1520 1209
1521 793
1521 794
1521 795
1521 796
1521 1204
1521 1205
1521 1206
1521 1207
1522 796
1522 797
1522 798
1522 1202
1522 1203
1522 1204
1523 799
1523 800
1523 801
1523 1199
1523 1200
1523 1201
1524 801
1524 802
1524 803
1524 804
1524 1196
1524 1197
1524 1198
1524 1199
1525 804
1525 805
1525 806
1525 1194
1525 1195
1525 1196
1526 807
1526 808
1526 809
1526 1191
1526 1192
1526 1193
1527 810
1527 811
1527 812
1527 1188
1527 1189
1527 1190
1528 812
1528 813
1528 814
1528 815
1528 1185
1528 1186
1528 1187
1528 1188
1529 815
1529 816
1529 817
1529 1183
1529 1184
1529 1185
1530 818
1530 819
1530 820
1530 1180
1530 1181
1530 1182
1531 821
1531 822
1531 823
1531 1177
1531 1178
1531 1179
1532 824
1532 825
1532 826
1532 1174
1532 1175
1532 1176
1533 827
1533 828
1533 829
1533 1171
1533 1172
1533 1173
1534 830
1534 831
1534 832
1534 833
1534 1167
1534 1168
1534 1169
1534 1170
1535 833
1535 834
1535 835
1535 836
1535 1164
1535 1165
1535 1166
1535 1167
1536 836
1536 837
1536 838
1536 839
1536 1161
1536 1162
1536 1163
1536 1164
1537 840
1537 841
1537 842
1537 1158
1537 1159
1537 1160
1538 843
1538 844
1538 845
1538 846
1538 1154
1538 1155
1538 1156
1538 1157
1539 846
1539 847
1539 848
1539 849
1539 1151
1539 1152
1539 1153
1539 1154
1540 850
1540 851
1540 852
1540 853
1540 1147
1540 1148
1540 1149
1540 1150
1541 854
1541 855
1541 856
1541 857
1541 1143
1541 1144
1541 1145
1541 1146
1542 858
1542 859
1542 860
1542 861
1542 1139
1542 1140
1542 1141
1542 1142
1543 861
1543 862
1543 863
1543 864
1543 865
1543 1135
1543 1136
1543 1137
1543 1138
1543 1139
1544 865
1544 866
1544 867
1544 868
1544 869
1544 1131
1544 1132
1544 1133
1544 1134
1544 1135
1545 869
1545 870
1545 871
1545 872
1545 873
1545 1127
1545 1128
1545 1129
1545 1130
1545 1131
1546 874
1546 875
1546 876
1546 877
1546 1123
1546 1124
1546 1125
1546 1126
1547 878
1547 879
1547 880
1547 881
1547 882
1547 1118
1547 1119
1547 1120
1547 1121
1547 1122
1548 883
1548 884
1548 885
1548 886
1548 887
1548 1113
1548 1114
1548 1115
1548 1116
1548 1117
1549 887
1549 888
1549 889
1549 890
1549 891
1549 892
1549 1108
1549 1109
1549 1110
1549 1111
1549 1112
1549 1113
1550 892
1550 893
1550 894
1550 895
1550 896
1550 897
1550 1103
1550 1104
1550 1105
1550 1106
1550 1107
1550 1108
1551 897
1551 898
1551 899
1551 900
1551 901
1551 902
1551 903
1551 1097
1551 1098
1551 1099
1551 1100
1551 1101
1551 1102
1551 1103
1552 903
1552 904
1552 905
1552 906
1552 907
1552 908
1552 1092
1552 1093
1552 1094
1552 1095
1552 1096
1552 1097
1553 909
1553 910
1553 911
1553 912
1553 913
1553 914
1553 1086
1553 1087
1553 1088
1553 1089
1553 1090
1553 1091
1554 915
1554 916
1554 917
1554 918
1554 919
1554 920
1554 921
1554 922
1554 1078
1554 1079
1554 1080
1554 1081
1554 1082
1554 1083
1554 1084
1554 1085
1555 922
1555 923
1555 924
1555 925
1555 926
1555 927
1555 928
1555 929
1555 1071
1555 1072
1555 1073
1555 1074
1555 1075
1555 1076
1555 1077
1555 1078
1556 929
1556 930
1556 931
1556 932
1556 933
1556 934
1556 935
1556 936
1556 937
1556 1063
1556 1064
1556 1065
1556 1066
1556 1067
1556 1068
1556 1069
1556 1070
1556 1071
1557 938
1557 939
1557 940
1557 941
1557 942
1557 943
1557 944
1557 945
1557 946
1557 947
1557 1053
1557 1054
1557 1055
1557 1056
1557 1057
1557 1058
1557 1059
1557 1060
1557 1061
1557 1062
1558 947
1558 948
1558 949
1558 950
1558 951
1558 952
1558 953
1558 954
1558 955
1558 956
1558 957
1558 958
1558 959
1558 1041
1558 1042
1558 1043
1558 1044
1558 1045
1558 1046
1558 1047
1558 1048
1558 1049
1558 1050
1558 1051
1558 1052
1558 1053
1559 959
1559 960
1559 961
1559 962
1559 963
1559 964
1559 965
1559 966
1559 967
1559 968
1559 969
1559 970
1559 971
1559 972
1559 973
1559 974
1559 975
1559 976
1559 1024
1559 1025
1559 1026
1559 1027
1559 1028
1559 1029
1559 1030
1559 1031
1559 1032
1559 1033
1559 1034
1559 1035
1559 1036
1559 1037
1559 1038
1559 1039
1559 1040
1559 1041
1560 976
1560 977
1560 978
1560 979
1560 980
1560 981
1560 982
1560 983
1560 984
1560 985
1560 986
1560 987
1560 988
1560 989
1560 990
1560 991
1560 992
1560 993
1560 994
1560 995
1560 996
1560 997
1560 998
1560 999
1560 1000
1560 1001
1560 1002
1560 1003
1560 1004
1560 1005
1560 1006
1560 1007
1560 1008
1560 1009
1560 1010
1560 1011
1560 1012
1560 1013
1560 1014
1560 1015
1560 1016
1560 1017
1560 1018
1560 1019
1560 1020
1560 1021
1560 1022
1560 1023
1560 1024
