n = 5000
m = 5000
h = 0.0002000000

# Scenario : anneaux
# Parametres : rayon=0.28, ep1=0.1, ep2=0.1
# Nombre de sources : 9706

sources:
1100 2463
1100 2464
1100 2465
1100 2466
1100 2467
1100 2468
1100 2469
1100 2470
1100 2471
1100 2472
1100 2473
1100 2474
1100 2475
1100 2476
1100 2477
1100 2478
1100 2479
1100 2480
1100 2481
1100 2482
1100 2483
1100 2484
1100 2485
1100 2486
1100 2487
1100 2488
1100 2489
1100 2490
1100 2491
1100 2492
1100 2493
1100 2494
1100 2495
1100 2496
1100 2497
1100 2498
1100 2499
1100 2500
1100 2501
1100 2502
1100 2503
1100 2504
1100 2505
1100 2506
1100 2507
1100 2508
1100 2509
1100 2510
1100 2511
1100 2512
1100 2513
1100 2514
1100 2515
1100 2516
1100 2517
1100 2518
1100 2519
1100 2520
1100 2521
1100 2522
1100 2523
1100 2524
1100 2525
1100 2526
1100 2527
1100 2528
1100 2529
1100 2530
1100 2531
1100 2532
1100 2533
1100 2534
1100 2535
1100 2536
1100 2537
1101 2435
1101 2436
1101 2437
1101 2438
1101 2439
1101 2440
1101 2441
1101 2442
1101 2443
1101 2444
1101 2445
1101 2446
1101 2447
1101 2448
1101 2449
1101 2450
1101 2451
1101 2452
1101 2453
1101 2454
1101 2455
1101 2456
1101 2457
1101 2458
1101 2459
1101 2460
1101 2461
1101 2462
1101 2463
1101 2537
1101 2538
1101 2539
1101 2540
1101 2541
1101 2542
1101 2543
1101 2544
1101 2545
1101 2546
1101 2547
1101 2548
1101 2549
1101 2550
1101 2551
1101 2552
1101 2553
1101 2554
1101 2555
1101 2556
1101 2557
1101 2558
1101 2559
1101 2560
1101 2561
1101 2562
1101 2563
1101 2564
1101 2565
1102 2417
1102 2418
1102 2419
1102 2420
1102 2421
1102 2422
1102 2423
1102 2424
1102 2425
1102 2426
1102 2427
1102 2428
1102 2429
1102 2430
1102 2431
1102 2432
1102 2433
1102 2434
1102 2435
1102 2565
1102 2566
1102 2567
1102 2568
1102 2569
1102 2570
1102 2571
1102 2572
1102 2573
1102 2574
1102 2575
1102 2576
1102 2577
1102 2578
1102 2579
1102 2580
1102 2581
1102 2582
1102 2583
1103 2401
1103 2402
1103 2403
1103 2404
1103 2405
1103 2406
1103 2407
1103 2408
1103 2409
1103 2410
1103 2411
1103 2412
1103 2413
1103 2414
1103 2415
1103 2416
1103 2584
1103 2585
1103 2586
1103 2587
1103 2588
1103 2589
1103 2590
1103 2591
1103 2592
1103 2593
1103 2594
1103 2595
1103 2596
1103 2597
1103 2598
1103 2599
1104 2388
1104 2389
1104 2390
1104 2391
1104 2392
1104 2393
1104 2394
1104 2395
1104 2396
1104 2397
1104 2398
1104 2399
1104 2400
1104 2401
1104 2599
1104 2600
1104 2601
1104 2602
1104 2603
1104 2604
1104 2605
1104 2606
1104 2607
1104 2608
1104 2609
1104 2610
1104 2611
1104 2612
1105 2376
1105 2377
1105 2378
1105 2379
1105 2380
1105 2381
1105 2382
1105 2383
1105 2384
1105 2385
1105 2386
1105 2387
1105 2388
1105 2612
1105 2613
1105 2614
1105 2615
1105 2616
1105 2617
1105 2618
1105 2619
1105 2620
1105 2621
1105 2622
1105 2623
1105 2624
1106 2365
1106 2366
1106 2367
1106 2368
1106 2369
1106 2370
1106 2371
1106 2372
1106 2373
1106 2374
1106 2375
1106 2376
1106 2624
1106 2625
1106 2626
1106 2627
1106 2628
1106 2629
1106 2630
1106 2631
1106 2632
1106 2633
1106 2634
1106 2635
1107 2355
1107 2356
1107 2357
1107 2358
1107 2359
1107 2360
1107 2361
1107 2362
1107 2363
1107 2364
1107 2365
1107 2635
1107 2636
1107 2637
1107 2638
1107 2639
1107 2640
1107 2641
1107 2642
1107 2643
1107 2644
1107 2645
1108 2346
1108 2347
1108 2348
1108 2349
1108 2350
1108 2351
1108 2352
1108 2353
1108 2354
1108 2355
1108 2645
1108 2646
1108 2647
1108 2648
1108 2649
1108 2650
1108 2651
1108 2652
1108 2653
1108 2654
1109 2337
1109 2338
1109 2339
1109 2340
1109 2341
1109 2342
1109 2343
1109 2344
1109 2345
1109 2346
1109 2654
1109 2655
1109 2656
1109 2657
1109 2658
1109 2659
1109 2660
1109 2661
1109 2662
1109 2663
1110 2329
1110 2330
1110 2331
1110 2332
1110 2333
1110 2334
1110 2335
1110 2336
1110 2337
1110 2663
1110 2664
1110 2665
1110 2666
1110 2667
1110 2668
1110 2669
1110 2670
1110 2671
1111 2321
1111 2322
1111 2323
1111 2324
1111 2325
1111 2326
1111 2327
1111 2328
1111 2672
1111 2673
1111 2674
1111 2675
1111 2676
1111 2677
1111 2678
1111 2679
1112 2313
1112 2314
1112 2315
1112 2316
1112 2317
1112 2318
1112 2319
1112 2320
1112 2321
1112 2679
1112 2680
1112 2681
1112 2682
1112 2683
1112 2684
1112 2685
1112 2686
1112 2687
1113 2306
1113 2307
1113 2308
1113 2309
1113 2310
1113 2311
1113 2312
1113 2313
1113 2687
1113 2688
1113 2689
1113 2690
1113 2691
1113 2692
1113 2693
1113 2694
1114 2299
1114 2300
1114 2301
1114 2302
1114 2303
1114 2304
1114 2305
1114 2306
1114 2694
1114 2695
1114 2696
1114 2697
1114 2698
1114 2699
1114 2700
1114 2701
1115 2293
1115 2294
1115 2295
1115 2296
1115 2297
1115 2298
1115 2299
1115 2701
1115 2702
1115 2703
1115 2704
1115 2705
1115 2706
1115 2707
1116 2286
1116 2287
1116 2288
1116 2289
1116 2290
1116 2291
1116 2292
1116 2708
1116 2709
1116 2710
1116 2711
1116 2712
1116 2713
1116 2714
1117 2280
1117 2281
1117 2282
1117 2283
1117 2284
1117 2285
1117 2715
1117 2716
1117 2717
1117 2718
1117 2719
1117 2720
1118 2273
1118 2274
1118 2275
1118 2276
1118 2277
1118 2278
1118 2279
1118 2721
1118 2722
1118 2723
1118 2724
1118 2725
1118 2726
1118 2727
1119 2267
1119 2268
1119 2269
1119 2270
1119 2271
1119 2272
1119 2273
1119 2727
1119 2728
1119 2729
1119 2730
1119 2731
1119 2732
1119 2733
1120 2262
1120 2263
1120 2264
1120 2265
1120 2266
1120 2267
1120 2733
1120 2734
1120 2735
1120 2736
1120 2737
1120 2738
1121 2256
1121 2257
1121 2258
1121 2259
1121 2260
1121 2261
1121 2739
1121 2740
1121 2741
1121 2742
1121 2743
1121 2744
1122 2250
1122 2251
1122 2252
1122 2253
1122 2254
1122 2255
1122 2745
1122 2746
1122 2747
1122 2748
1122 2749
1122 2750
1123 2245
1123 2246
1123 2247
1123 2248
1123 2249
1123 2250
1123 2750
1123 2751
1123 2752
1123 2753
1123 2754
1123 2755
1124 2239
1124 2240
1124 2241
1124 2242
1124 2243
1124 2244
1124 2756
1124 2757
1124 2758
1124 2759
1124 2760
1124 2761
1125 2234
1125 2235
1125 2236
1125 2237
1125 2238
1125 2239
1125 2761
1125 2762
1125 2763
1125 2764
1125 2765
1125 2766
1126 2229
1126 2230
1126 2231
1126 2232
1126 2233
1126 2234
1126 2766
1126 2767
1126 2768
1126 2769
1126 2770
1126 2771
1127 2224
1127 2225
1127 2226
1127 2227
1127 2228
1127 2229
1127 2771
1127 2772
1127 2773
1127 2774
1127 2775
1127 2776
1128 2219
1128 2220
1128 2221
1128 2222
1128 2223
1128 2224
1128 2776
1128 2777
1128 2778
1128 2779
1128 2780
1128 2781
1129 2214
1129 2215
1129 2216
1129 2217
1129 2218
1129 2219
1129 2781
1129 2782
1129 2783
1129 2784
1129 2785
1129 2786
1130 2210
1130 2211
1130 2212
1130 2213
1130 2214
1130 2786
1130 2787
1130 2788
1130 2789
1130 2790
1131 2205
1131 2206
1131 2207
1131 2208
1131 2209
1131 2791
1131 2792
1131 2793
1131 2794
1131 2795
1132 2200
1132 2201
1132 2202
1132 2203
1132 2204
1132 2205
1132 2795
1132 2796
1132 2797
1132 2798
1132 2799
1132 2800
1133 2196
1133 2197
1133 2198
1133 2199
1133 2200
1133 2800
1133 2801
1133 2802
1133 2803
1133 2804
1134 2191
1134 2192
1134 2193
1134 2194
1134 2195
1134 2805
1134 2806
1134 2807
1134 2808
1134 2809
1135 2187
1135 2188
1135 2189
1135 2190
1135 2191
1135 2809
1135 2810
1135 2811
1135 2812
1135 2813
1136 2183
1136 2184
1136 2185
1136 2186
1136 2187
1136 2813
1136 2814
1136 2815
1136 2816
1136 2817
1137 2179
1137 2180
1137 2181
1137 2182
1137 2818
1137 2819
1137 2820
1137 2821
1138 2174
1138 2175
1138 2176
1138 2177
1138 2178
1138 2822
1138 2823
1138 2824
1138 2825
1138 2826
1139 2170
1139 2171
1139 2172
1139 2173
1139 2174
1139 2826
1139 2827
1139 2828
1139 2829
1139 2830
1140 2166
1140 2167
1140 2168
1140 2169
1140 2831
1140 2832
1140 2833
1140 2834
1141 2162
1141 2163
1141 2164
1141 2165
1141 2835
1141 2836
1141 2837
1141 2838
1142 2158
1142 2159
1142 2160
1142 2161
1142 2839
1142 2840
1142 2841
1142 2842
1143 2154
1143 2155
1143 2156
1143 2157
1143 2158
1143 2842
1143 2843
1143 2844
1143 2845
1143 2846
1144 2150
1144 2151
1144 2152
1144 2153
1144 2154
1144 2846
1144 2847
1144 2848
1144 2849
1144 2850
1145 2146
1145 2147
1145 2148
1145 2149
1145 2150
1145 2850
1145 2851
1145 2852
1145 2853
1145 2854
1146 2142
1146 2143
1146 2144
1146 2145
1146 2855
1146 2856
1146 2857
1146 2858
1147 2139
1147 2140
1147 2141
1147 2142
1147 2858
1147 2859
1147 2860
1147 2861
1148 2135
1148 2136
1148 2137
1148 2138
1148 2862
1148 2863
1148 2864
1148 2865
1149 2131
1149 2132
1149 2133
1149 2134
1149 2866
1149 2867
1149 2868
1149 2869
1150 2128
1150 2129
1150 2130
1150 2131
1150 2869
1150 2870
1150 2871
1150 2872
1151 2124
1151 2125
1151 2126
1151 2127
1151 2873
1151 2874
1151 2875
1151 2876
1152 2120
1152 2121
1152 2122
1152 2123
1152 2124
1152 2876
1152 2877
1152 2878
1152 2879
1152 2880
1153 2117
1153 2118
1153 2119
1153 2120
1153 2880
1153 2881
1153 2882
1153 2883
1154 2114
1154 2115
1154 2116
1154 2884
1154 2885
1154 2886
1155 2110
1155 2111
1155 2112
1155 2113
1155 2887
1155 2888
1155 2889
1155 2890
1156 2107
1156 2108
1156 2109
1156 2110
1156 2890
1156 2891
1156 2892
1156 2893
1157 2103
1157 2104
1157 2105
1157 2106
1157 2894
1157 2895
1157 2896
1157 2897
1158 2100
1158 2101
1158 2102
1158 2103
1158 2897
1158 2898
1158 2899
1158 2900
1159 2097
1159 2098
1159 2099
1159 2901
1159 2902
1159 2903
1160 2093
1160 2094
1160 2095
1160 2096
1160 2904
1160 2905
1160 2906
1160 2907
1161 2090
1161 2091
1161 2092
1161 2093
1161 2907
1161 2908
1161 2909
1161 2910
1162 2087
1162 2088
1162 2089
1162 2090
1162 2910
1162 2911
1162 2912
1162 2913
1163 2084
1163 2085
1163 2086
1163 2914
1163 2915
1163 2916
1164 2080
1164 2081
1164 2082
1164 2083
1164 2917
1164 2918
1164 2919
1164 2920
1165 2077
1165 2078
1165 2079
1165 2080
1165 2920
1165 2921
1165 2922
1165 2923
1166 2074
1166 2075
1166 2076
1166 2077
1166 2923
1166 2924
1166 2925
1166 2926
1167 2071
1167 2072
1167 2073
1167 2074
1167 2926
1167 2927
1167 2928
1167 2929
1168 2068
1168 2069
1168 2070
1168 2930
1168 2931
1168 2932
1169 2065
1169 2066
1169 2067
1169 2933
1169 2934
1169 2935
1170 2062
1170 2063
1170 2064
1170 2936
1170 2937
1170 2938
1171 2059
1171 2060
1171 2061
1171 2939
1171 2940
1171 2941
1172 2056
1172 2057
1172 2058
1172 2942
1172 2943
1172 2944
1173 2053
1173 2054
1173 2055
1173 2945
1173 2946
1173 2947
1174 2050
1174 2051
1174 2052
1174 2948
1174 2949
1174 2950
1175 2047
1175 2048
1175 2049
1175 2951
1175 2952
1175 2953
1176 2044
1176 2045
1176 2046
1176 2954
1176 2955
1176 2956
1177 2041
1177 2042
1177 2043
1177 2957
1177 2958
1177 2959
1178 2038
1178 2039
1178 2040
1178 2960
1178 2961
1178 2962
1179 2035
1179 2036
1179 2037
1179 2963
1179 2964
1179 2965
1180 2032
1180 2033
1180 2034
1180 2035
1180 2965
1180 2966
1180 2967
1180 2968
1181 2029
1181 2030
1181 2031
1181 2032
1181 2968
1181 2969
1181 2970
1181 2971
1182 2027
1182 2028
1182 2029
1182 2971
1182 2972
1182 2973
1183 2024
1183 2025
1183 2026
1183 2974
1183 2975
1183 2976
1184 2021
1184 2022
1184 2023
1184 2024
1184 2976
1184 2977
1184 2978
1184 2979
1185 2019
1185 2020
1185 2021
1185 2979
1185 2980
1185 2981
1186 2016
1186 2017
1186 2018
1186 2982
1186 2983
1186 2984
1187 2013
1187 2014
1187 2015
1187 2985
1187 2986
1187 2987
1188 2010
1188 2011
1188 2012
1188 2013
1188 2987
1188 2988
1188 2989
1188 2990
1189 2008
1189 2009
1189 2010
1189 2990
1189 2991
1189 2992
1190 2005
1190 2006
1190 2007
1190 2993
1190 2994
1190 2995
1191 2002
1191 2003
1191 2004
1191 2996
1191 2997
1191 2998
1192 2000
1192 2001
1192 2002
1192 2998
1192 2999
1192 3000
1193 1997
1193 1998
1193 1999
1193 3001
1193 3002
1193 3003
1194 1995
1194 1996
1194 1997
1194 3003
1194 3004
1194 3005
1195 1992
1195 1993
1195 1994
1195 3006
1195 3007
1195 3008
1196 1990
1196 1991
1196 1992
1196 3008
1196 3009
1196 3010
1197 1987
1197 1988
1197 1989
1197 3011
1197 3012
1197 3013
1198 1984
1198 1985
1198 1986
1198 3014
1198 3015
1198 3016
1199 1982
1199 1983
1199 1984
1199 3016
1199 3017
1199 3018
1200 1979
1200 1980
1200 1981
1200 3019
1200 3020
1200 3021
1201 1977
1201 1978
1201 1979
1201 3021
1201 3022
1201 3023
1202 1975
1202 1976
1202 1977
1202 3023
1202 3024
1202 3025
1203 1972
1203 1973
1203 1974
1203 3026
1203 3027
1203 3028
1204 1969
1204 1970
1204 1971
1204 3029
1204 3030
1204 3031
1205 1967
1205 1968
1205 1969
1205 3031
1205 3032
1205 3033
1206 1964
1206 1965
1206 1966
1206 3034
1206 3035
1206 3036
1207 1962
1207 1963
1207 1964
1207 3036
1207 3037
1207 3038
1208 1960
1208 1961
1208 1962
1208 3038
1208 3039
1208 3040
1209 1958
1209 1959
1209 3041
1209 3042
1210 1955
1210 1956
1210 1957
1210 3043
1210 3044
1210 3045
1211 1953
1211 1954
1211 1955
1211 3045
1211 3046
1211 3047
1212 1950
1212 1951
1212 1952
1212 3048
1212 3049
1212 3050
1213 1948
1213 1949
1213 1950
1213 3050
1213 3051
1213 3052
1214 1946
1214 1947
1214 1948
1214 3052
1214 3053
1214 3054
1215 1943
1215 1944
1215 1945
1215 3055
1215 3056
1215 3057
1216 1941
1216 1942
1216 1943
1216 3057
1216 3058
1216 3059
1217 1939
1217 1940
1217 1941
1217 3059
1217 3060
1217 3061
1218 1937
1218 1938
1218 3062
1218 3063
1219 1934
1219 1935
1219 1936
1219 3064
1219 3065
1219 3066
1220 1932
1220 1933
1220 1934
1220 3066
1220 3067
1220 3068
1221 1930
1221 1931
1221 1932
1221 3068
1221 3069
1221 3070
1222 1927
1222 1928
1222 1929
1222 3071
1222 3072
1222 3073
1223 1926
1223 1927
1223 3073
1223 3074
1224 1923
1224 1924
1224 1925
1224 3075
1224 3076
1224 3077
1225 1921
1225 1922
1225 1923
1225 3077
1225 3078
1225 3079
1226 1919
1226 1920
1226 3080
1226 3081
1227 1916
1227 1917
1227 1918
1227 3082
1227 3083
1227 3084
1228 1915
1228 1916
1228 3084
1228 3085
1229 1912
1229 1913
1229 1914
1229 3086
1229 3087
1229 3088
1230 1910
1230 1911
1230 1912
1230 3088
1230 3089
1230 3090
1231 1908
1231 1909
1231 3091
1231 3092
1232 1906
1232 1907
1232 3093
1232 3094
1233 1904
1233 1905
1233 3095
1233 3096
1234 1901
1234 1902
1234 1903
1234 3097
1234 3098
1234 3099
1235 1899
1235 1900
1235 1901
1235 3099
1235 3100
1235 3101
1236 1897
1236 1898
1236 1899
1236 3101
1236 3102
1236 3103
1237 1895
1237 1896
1237 1897
1237 3103
1237 3104
1237 3105
1238 1893
1238 1894
1238 1895
1238 3105
1238 3106
1238 3107
1239 1891
1239 1892
1239 1893
1239 3107
1239 3108
1239 3109
1240 1889
1240 1890
1240 3110
1240 3111
1241 1887
1241 1888
1241 1889
1241 3111
1241 3112
1241 3113
1242 1885
1242 1886
1242 1887
1242 3113
1242 3114
1242 3115
1243 1883
1243 1884
1243 3116
1243 3117
1244 1881
1244 1882
1244 3118
1244 3119
1245 1879
1245 1880
1245 1881
1245 3119
1245 3120
1245 3121
1246 1877
1246 1878
1246 3122
1246 3123
1247 1875
1247 1876
1247 3124
1247 3125
1248 1873
1248 1874
1248 3126
1248 3127
1249 1871
1249 1872
1249 3128
1249 3129
1250 1869
1250 1870
1250 3130
1250 3131
1251 1867
1251 1868
1251 3132
1251 3133
1252 1865
1252 1866
1252 3134
1252 3135
1253 1863
1253 1864
1253 3136
1253 3137
1254 1861
1254 1862
1254 3138
1254 3139
1255 1859
1255 1860
1255 3140
1255 3141
1256 1857
1256 1858
1256 1859
1256 3141
1256 3142
1256 3143
1257 1855
1257 1856
1257 1857
1257 3143
1257 3144
1257 3145
1258 1853
1258 1854
1258 1855
1258 3145
1258 3146
1258 3147
1259 1851
1259 1852
1259 1853
1259 3147
1259 3148
1259 3149
1260 1849
1260 1850
1260 1851
1260 3149
1260 3150
1260 3151
1261 1847
1261 1848
1261 1849
1261 3151
1261 3152
1261 3153
1262 1846
1262 1847
1262 3153
1262 3154
1263 1844
1263 1845
1263 3155
1263 3156
1264 1842
1264 1843
1264 3157
1264 3158
1265 1840
1265 1841
1265 3159
1265 3160
1266 1838
1266 1839
1266 1840
1266 3160
1266 3161
1266 3162
1267 1836
1267 1837
1267 1838
1267 3162
1267 3163
1267 3164
1268 1834
1268 1835
1268 1836
1268 3164
1268 3165
1268 3166
1269 1833
1269 1834
1269 3166
1269 3167
1270 1831
1270 1832
1270 3168
1270 3169
1271 1829
1271 1830
1271 3170
1271 3171
1272 1827
1272 1828
1272 3172
1272 3173
1273 1825
1273 1826
1273 1827
1273 3173
1273 3174
1273 3175
1274 1823
1274 1824
1274 1825
1274 3175
1274 3176
1274 3177
1275 1822
1275 1823
1275 3177
1275 3178
1276 1820
1276 1821
1276 3179
1276 3180
1277 1818
1277 1819
1277 3181
1277 3182
1278 1816
1278 1817
1278 3183
1278 3184
1279 1814
1279 1815
1279 1816
1279 3184
1279 3185
1279 3186
1280 1812
1280 1813
1280 1814
1280 3186
1280 3187
1280 3188
1281 1811
1281 1812
1281 3188
1281 3189
1282 1809
1282 1810
1282 3190
1282 3191
1283 1807
1283 1808
1283 1809
1283 3191
1283 3192
1283 3193
1284 1806
1284 1807
1284 3193
1284 3194
1285 1804
1285 1805
1285 3195
1285 3196
1286 1802
1286 1803
1286 3197
1286 3198
1287 1800
1287 1801
1287 1802
1287 3198
1287 3199
1287 3200
1288 1799
1288 1800
1288 3200
1288 3201
1289 1797
1289 1798
1289 3202
1289 3203
1290 1795
1290 1796
1290 1797
1290 3203
1290 3204
1290 3205
1291 1793
1291 1794
1291 1795
1291 3205
1291 3206
1291 3207
1292 1792
1292 1793
1292 3207
1292 3208
1293 1790
1293 1791
1293 3209
1293 3210
1294 1788
1294 1789
1294 1790
1294 3210
1294 3211
1294 3212
1295 1787
1295 1788
1295 3212
1295 3213
1296 1785
1296 1786
1296 3214
1296 3215
1297 1783
1297 1784
1297 3216
1297 3217
1298 1782
1298 1783
1298 3217
1298 3218
1299 1780
1299 1781
1299 3219
1299 3220
1300 1778
1300 1779
1300 3221
1300 3222
1301 1777
1301 1778
1301 3222
1301 3223
1302 1775
1302 1776
1302 3224
1302 3225
1303 1773
1303 1774
1303 3226
1303 3227
1304 1772
1304 1773
1304 3227
1304 3228
1305 1770
1305 1771
1305 3229
1305 3230
1306 1768
1306 1769
1306 1770
1306 3230
1306 3231
1306 3232
1307 1767
1307 1768
1307 3232
1307 3233
1308 1765
1308 1766
1308 3234
1308 3235
1309 1763
1309 1764
1309 1765
1309 3235
1309 3236
1309 3237
1310 1762
1310 1763
1310 3237
1310 3238
1311 1760
1311 1761
1311 1762
1311 3238
1311 3239
1311 3240
1312 1759
1312 1760
1312 3240
1312 3241
1313 1757
1313 1758
1313 3242
1313 3243
1314 1755
1314 1756
1314 1757
1314 3243
1314 3244
1314 3245
1315 1754
1315 1755
1315 3245
1315 3246
1316 1752
1316 1753
1316 1754
1316 3246
1316 3247
1316 3248
1317 1751
1317 1752
1317 3248
1317 3249
1318 1749
1318 1750
1318 3250
1318 3251
1319 1748
1319 1749
1319 3251
1319 3252
1320 1746
1320 1747
1320 3253
1320 3254
1321 1744
1321 1745
1321 1746
1321 3254
1321 3255
1321 3256
1322 1743
1322 1744
1322 3256
1322 3257
1323 1741
1323 1742
1323 1743
1323 3257
1323 3258
1323 3259
1324 1740
1324 1741
1324 3259
1324 3260
1325 1738
1325 1739
1325 3261
1325 3262
1326 1737
1326 1738
1326 3262
1326 3263
1327 1735
1327 1736
1327 3264
1327 3265
1328 1734
1328 1735
1328 3265
1328 3266
1329 1732
1329 1733
1329 3267
1329 3268
1330 1731
1330 1732
1330 3268
1330 3269
1331 1729
1331 1730
1331 3270
1331 3271
1332 1728
1332 3272
1333 1726
1333 1727
1333 3273
1333 3274
1334 1725
1334 1726
1334 3274
1334 3275
1335 1723
1335 1724
1335 3276
1335 3277
1336 1722
1336 1723
1336 3277
1336 3278
1337 1720
1337 1721
1337 3279
1337 3280
1338 1718
1338 1719
1338 1720
1338 3280
1338 3281
1338 3282
1339 1717
1339 1718
1339 3282
1339 3283
1340 1715
1340 1716
1340 1717
1340 3283
1340 3284
1340 3285
1341 1714
1341 1715
1341 3285
1341 3286
1342 1713
1342 1714
1342 3286
1342 3287
1343 1711
1343 1712
1343 3288
1343 3289
1344 1710
1344 1711
1344 3289
1344 3290
1345 1709
1345 3291
1346 1707
1346 1708
1346 3292
1346 3293
1347 1705
1347 1706
1347 3294
1347 3295
1348 1704
1348 1705
1348 3295
1348 3296
1349 1702
1349 1703
1349 3297
1349 3298
1350 1701
1350 1702
1350 3298
1350 3299
1351 1699
1351 1700
1351 1701
1351 3299
1351 3300
1351 3301
1352 1698
1352 1699
1352 3301
1352 3302
1353 1697
1353 1698
1353 3302
1353 3303
1354 1695
1354 1696
1354 3304
1354 3305
1355 1694
1355 1695
1355 3305
1355 3306
1356 1693
1356 3307
1357 1691
1357 1692
1357 3308
1357 3309
1358 1690
1358 3310
1359 1688
1359 1689
1359 3311
1359 3312
1360 1687
1360 1688
1360 3312
1360 3313
1361 1685
1361 1686
1361 1687
1361 3313
1361 3314
1361 3315
1362 1684
1362 1685
1362 3315
1362 3316
1363 1683
1363 1684
1363 3316
1363 3317
1364 1681
1364 1682
1364 3318
1364 3319
1365 1680
1365 1681
1365 3319
1365 3320
1366 1679
1366 3321
1367 1677
1367 1678
1367 3322
1367 3323
1368 1676
1368 1677
1368 3323
1368 3324
1369 1674
1369 1675
1369 3325
1369 3326
1370 1673
1370 1674
1370 3326
1370 3327
1371 1672
1371 1673
1371 3327
1371 3328
1372 1671
1372 3329
1373 1669
1373 1670
1373 3330
1373 3331
1374 1668
1374 3332
1375 1666
1375 1667
1375 3333
1375 3334
1376 1665
1376 1666
1376 3334
1376 3335
1377 1663
1377 1664
1377 1665
1377 3335
1377 3336
1377 3337
1378 1662
1378 1663
1378 3337
1378 3338
1379 1661
1379 1662
1379 3338
1379 3339
1380 1660
1380 3340
1381 1658
1381 1659
1381 3341
1381 3342
1382 1657
1382 1658
1382 3342
1382 3343
1383 1655
1383 1656
1383 1657
1383 3343
1383 3344
1383 3345
1384 1654
1384 1655
1384 3345
1384 3346
1385 1653
1385 1654
1385 3346
1385 3347
1386 1652
1386 3348
1387 1650
1387 1651
1387 3349
1387 3350
1388 1649
1388 1650
1388 3350
1388 3351
1389 1647
1389 1648
1389 1649
1389 3351
1389 3352
1389 3353
1390 1646
1390 1647
1390 3353
1390 3354
1391 1645
1391 1646
1391 3354
1391 3355
1392 1644
1392 1645
1392 3355
1392 3356
1393 1643
1393 3357
1394 1641
1394 1642
1394 3358
1394 3359
1395 1640
1395 1641
1395 3359
1395 3360
1396 1639
1396 1640
1396 3360
1396 3361
1397 1638
1397 3362
1398 1636
1398 1637
1398 3363
1398 3364
1399 1635
1399 3365
1400 1633
1400 1634
1400 3366
1400 3367
1401 1632
1401 1633
1401 3367
1401 3368
1402 1631
1402 1632
1402 3368
1402 3369
1403 1630
1403 1631
1403 3369
1403 3370
1404 1629
1404 3371
1405 1627
1405 1628
1405 3372
1405 3373
1406 1626
1406 1627
1406 3373
1406 3374
1407 1625
1407 1626
1407 3374
1407 3375
1408 1624
1408 3376
1409 1622
1409 1623
1409 3377
1409 3378
1410 1621
1410 1622
1410 3378
1410 3379
1411 1620
1411 1621
1411 3379
1411 3380
1412 1619
1412 1620
1412 3380
1412 3381
1413 1617
1413 1618
1413 3382
1413 3383
1414 1616
1414 1617
1414 3383
1414 3384
1415 1615
1415 1616
1415 3384
1415 3385
1416 1613
1416 1614
1416 3386
1416 3387
1417 1612
1417 1613
1417 3387
1417 3388
1418 1611
1418 1612
1418 3388
1418 3389
1419 1610
1419 1611
1419 3389
1419 3390
1420 1609
1420 3391
1421 1607
1421 1608
1421 3392
1421 3393
1422 1606
1422 1607
1422 3393
1422 3394
1423 1605
1423 1606
1423 3394
1423 3395
1424 1604
1424 1605
1424 3395
1424 3396
1425 1603
1425 3397
1426 1602
1426 1603
1426 3397
1426 3398
1427 1601
1427 3399
1428 1599
1428 1600
1428 3400
1428 3401
1429 1598
1429 1599
1429 3401
1429 3402
1430 1597
1430 1598
1430 3402
1430 3403
1431 1596
1431 1597
1431 3403
1431 3404
1432 1595
1432 3405
1433 1593
1433 1594
1433 3406
1433 3407
1434 1592
1434 1593
1434 3407
1434 3408
1435 1591
1435 1592
1435 3408
1435 3409
1436 1590
1436 1591
1436 3409
1436 3410
1437 1589
1437 3411
1438 1587
1438 1588
1438 3412
1438 3413
1439 1586
1439 1587
1439 3413
1439 3414
1440 1585
1440 1586
1440 3414
1440 3415
1441 1584
1441 1585
1441 3415
1441 3416
1442 1583
1442 3417
1443 1582
1443 3418
1444 1581
1444 3419
1445 1579
1445 1580
1445 3420
1445 3421
1446 1578
1446 1579
1446 3421
1446 3422
1447 1577
1447 1578
1447 3422
1447 3423
1448 1576
1448 1577
1448 3423
1448 3424
1449 1575
1449 3425
1450 1574
1450 3426
1451 1572
1451 1573
1451 3427
1451 3428
1452 1571
1452 1572
1452 3428
1452 3429
1453 1570
1453 1571
1453 3429
1453 3430
1454 1569
1454 1570
1454 3430
1454 3431
1455 1568
1455 1569
1455 3431
1455 3432
1456 1567
1456 1568
1456 3432
1456 3433
1457 1566
1457 3434
1458 1565
1458 3435
1459 1563
1459 1564
1459 3436
1459 3437
1460 1563
1460 3437
1461 1561
1461 1562
1461 3438
1461 3439
1462 1560
1462 1561
1462 3439
1462 3440
1463 1559
1463 1560
1463 3440
1463 3441
1464 1558
1464 1559
1464 3441
1464 3442
1465 1557
1465 1558
1465 3442
1465 3443
1466 1556
1466 3444
1467 1555
1467 3445
1468 1554
1468 3446
1469 1553
1469 3447
1470 1551
1470 1552
1470 3448
1470 3449
1471 1550
1471 1551
1471 3449
1471 3450
1472 1549
1472 1550
1472 3450
1472 3451
1473 1548
1473 1549
1473 3451
1473 3452
1474 1547
1474 1548
1474 3452
1474 3453
1475 1546
1475 1547
1475 3453
1475 3454
1476 1545
1476 1546
1476 3454
1476 3455
1477 1544
1477 3456
1478 1543
1478 1544
1478 3456
1478 3457
1479 1542
1479 1543
1479 3457
1479 3458
1480 1541
1480 3459
1481 1539
1481 1540
1481 3460
1481 3461
1482 1539
1482 3461
1483 1538
1483 3462
1484 1536
1484 1537
1484 3463
1484 3464
1485 1535
1485 1536
1485 3464
1485 3465
1486 1535
1486 3465
1487 1533
1487 1534
1487 3466
1487 3467
1488 1532
1488 1533
1488 3467
1488 3468
1489 1531
1489 1532
1489 3468
1489 3469
1490 1530
1490 1531
1490 3469
1490 3470
1491 1529
1491 1530
1491 3470
1491 3471
1492 1528
1492 1529
1492 3471
1492 3472
1493 1527
1493 1528
1493 3472
1493 3473
1494 1526
1494 1527
1494 3473
1494 3474
1495 1525
1495 3475
1496 1524
1496 1525
1496 3475
1496 3476
1497 1523
1497 1524
1497 3476
1497 3477
1498 1522
1498 3478
1499 1521
1499 1522
1499 3478
1499 3479
1500 1520
1500 1521
1500 3479
1500 3480
1501 1519
1501 3481
1502 1518
1502 3482
1503 1517
1503 1518
1503 3482
1503 3483
1504 1516
1504 1517
1504 3483
1504 3484
1505 1515
1505 3485
1506 1514
1506 3486
1507 1513
1507 1514
1507 3486
1507 3487
1508 1512
1508 3488
1509 1511
1509 3489
1510 1510
1510 1511
1510 3489
1510 3490
1511 1509
1511 3491
1512 1508
1512 3492
1513 1507
1513 1508
1513 3492
1513 3493
1514 1506
1514 3494
1515 1505
1515 3495
1516 1504
1516 3496
1517 1503
1517 1504
1517 3496
1517 3497
1518 1502
1518 3498
1519 1501
1519 3499
1520 1500
1520 1501
1520 3499
1520 3500
1521 1499
1521 1500
1521 3500
1521 3501
1522 1498
1522 3502
1523 1497
1523 1498
1523 3502
1523 3503
1524 1496
1524 1497
1524 3503
1524 3504
1525 1495
1525 3505
1526 1494
1526 1495
1526 3505
1526 3506
1527 1493
1527 1494
1527 3506
1527 3507
1528 1492
1528 1493
1528 3507
1528 3508
1529 1491
1529 1492
1529 3508
1529 3509
1530 1490
1530 1491
1530 3509
1530 3510
1531 1489
1531 1490
1531 3510
1531 3511
1532 1488
1532 1489
1532 3511
1532 3512
1533 1487
1533 1488
1533 3512
1533 3513
1534 1486
1534 1487
1534 3513
1534 3514
1535 1485
1535 1486
1535 3514
1535 3515
1536 1485
1536 3515
1537 1484
1537 3516
1538 1482
1538 1483
1538 3517
1538 3518
1539 1482
1539 3518
1540 1481
1540 3519
1541 1480
1541 3520
1542 1479
1542 3521
1543 1478
1543 1479
1543 3521
1543 3522
1544 1477
1544 3523
1545 1476
1545 1477
1545 3523
1545 3524
1546 1475
1546 1476
1546 3524
1546 3525
1547 1474
1547 1475
1547 3525
1547 3526
1548 1473
1548 1474
1548 3526
1548 3527
1549 1472
1549 1473
1549 3527
1549 3528
1550 1471
1550 1472
1550 3528
1550 3529
1551 1470
1551 1471
1551 3529
1551 3530
1552 1470
1552 3530
1553 1469
1553 3531
1554 1468
1554 3532
1555 1467
1555 3533
1556 1466
1556 3534
1557 1465
1557 3535
1558 1464
1558 1465
1558 3535
1558 3536
1559 1463
1559 1464
1559 3536
1559 3537
1560 1462
1560 1463
1560 3537
1560 3538
1561 1461
1561 1462
1561 3538
1561 3539
1562 1460
1562 1461
1562 3539
1562 3540
1563 1459
1563 1460
1563 3540
1563 3541
1564 1459
1564 3541
1565 1458
1565 3542
1566 1457
1566 3543
1567 1456
1567 1457
1567 3543
1567 3544
1568 1455
1568 1456
1568 3544
1568 3545
1569 1454
1569 1455
1569 3545
1569 3546
1570 1453
1570 1454
1570 3546
1570 3547
1571 1452
1571 1453
1571 3547
1571 3548
1572 1451
1572 1452
1572 3548
1572 3549
1573 1451
1573 3549
1574 1450
1574 3550
1575 1449
1575 3551
1576 1448
1576 1449
1576 3551
1576 3552
1577 1447
1577 1448
1577 3552
1577 3553
1578 1446
1578 1447
1578 3553
1578 3554
1579 1445
1579 1446
1579 3554
1579 3555
1580 1444
1580 1445
1580 3555
1580 3556
1581 1444
1581 3556
1582 1443
1582 3557
1583 1442
1583 3558
1584 1441
1584 3559
1585 1440
1585 1441
1585 3559
1585 3560
1586 1439
1586 1440
1586 3560
1586 3561
1587 1438
1587 1439
1587 3561
1587 3562
1588 1438
1588 3562
1589 1437
1589 3563
1590 1436
1590 3564
1591 1435
1591 1436
1591 3564
1591 3565
1592 1434
1592 1435
1592 3565
1592 3566
1593 1433
1593 1434
1593 3566
1593 3567
1594 1432
1594 1433
1594 3567
1594 3568
1595 1431
1595 1432
1595 3568
1595 3569
1596 1431
1596 3569
1597 1430
1597 3570
1598 1429
1598 3571
1599 1428
1599 1429
1599 3571
1599 3572
1600 1427
1600 1428
1600 3572
1600 3573
1601 1426
1601 1427
1601 3573
1601 3574
1602 1426
1602 3574
1603 1425
1603 3575
1604 1424
1604 3576
1605 1423
1605 1424
1605 3576
1605 3577
1606 1422
1606 1423
1606 3577
1606 3578
1607 1421
1607 1422
1607 3578
1607 3579
1608 1421
1608 3579
1609 1420
1609 3580
1610 1419
1610 3581
1611 1418
1611 1419
1611 3581
1611 3582
1612 1417
1612 1418
1612 3582
1612 3583
1613 1417
1613 3583
1614 1416
1614 3584
1615 1415
1615 3585
1616 1414
1616 1415
1616 3585
1616 3586
1617 1413
1617 1414
1617 3586
1617 3587
1618 1412
1618 1413
1618 3587
1618 3588
1619 1412
1619 3588
1620 1411
1620 3589
1621 1410
1621 3590
1622 1409
1622 1410
1622 3590
1622 3591
1623 1408
1623 1409
1623 3591
1623 3592
1624 1408
1624 3592
1625 1407
1625 1408
1625 3592
1625 3593
1626 1406
1626 1407
1626 3593
1626 3594
1627 1405
1627 1406
1627 3594
1627 3595
1628 1405
1628 3595
1629 1404
1629 3596
1630 1403
1630 3597
1631 1402
1631 1403
1631 3597
1631 3598
1632 1401
1632 1402
1632 3598
1632 3599
1633 1401
1633 3599
1634 1400
1634 3600
1635 1399
1635 3601
1636 1398
1636 1399
1636 3601
1636 3602
1637 1397
1637 1398
1637 3602
1637 3603
1638 1396
1638 1397
1638 3603
1638 3604
1639 1396
1639 3604
1640 1395
1640 1396
1640 3604
1640 3605
1641 1394
1641 1395
1641 3605
1641 3606
1642 1394
1642 3606
1643 1393
1643 3607
1644 1392
1644 3608
1645 1391
1645 1392
1645 3608
1645 3609
1646 1390
1646 1391
1646 3609
1646 3610
1647 1390
1647 3610
1648 1389
1648 3611
1649 1388
1649 3612
1650 1387
1650 1388
1650 3612
1650 3613
1651 1387
1651 3613
1652 1386
1652 3614
1653 1385
1653 1386
1653 3614
1653 3615
1654 1384
1654 1385
1654 3615
1654 3616
1655 1384
1655 3616
1656 1383
1656 3617
1657 1382
1657 3618
1658 1381
1658 1382
1658 3618
1658 3619
1659 1381
1659 3619
1660 1380
1660 3620
1661 1379
1661 1380
1661 3620
1661 3621
1662 1378
1662 1379
1662 3621
1662 3622
1663 1377
1663 1378
1663 3622
1663 3623
1664 1377
1664 3623
1665 1376
1665 3624
1666 1375
1666 1376
1666 3624
1666 3625
1667 1375
1667 3625
1668 1374
1668 3626
1669 1373
1669 1374
1669 3626
1669 3627
1670 1372
1670 1373
1670 3627
1670 3628
1671 1371
1671 1372
1671 3628
1671 3629
1672 1371
1672 3629
1673 1370
1673 1371
1673 3629
1673 3630
1674 1369
1674 1370
1674 3630
1674 3631
1675 1369
1675 3631
1676 1368
1676 3632
1677 1367
1677 1368
1677 3632
1677 3633
1678 1367
1678 3633
1679 1366
1679 3634
1680 1365
1680 3635
1681 1364
1681 1365
1681 3635
1681 3636
1682 1363
1682 1364
1682 3636
1682 3637
1683 1363
1683 3637
1684 1362
1684 1363
1684 3637
1684 3638
1685 1361
1685 1362
1685 3638
1685 3639
1686 1361
1686 3639
1687 1360
1687 3640
1688 1359
1688 1360
1688 3640
1688 3641
1689 1359
1689 3641
1690 1358
1690 3642
1691 1357
1691 1358
1691 3642
1691 3643
1692 1357
1692 3643
1693 1356
1693 3644
1694 1355
1694 1356
1694 3644
1694 3645
1695 1354
1695 1355
1695 3645
1695 3646
1696 1354
1696 3646
1697 1353
1697 3647
1698 1352
1698 1353
1698 3647
1698 3648
1699 1352
1699 3648
1700 1351
1700 3649
1701 1350
1701 3650
1702 1350
1702 3650
1703 1349
1703 3651
1704 1348
1704 3652
1705 1348
1705 3652
1706 1347
1706 3653
1707 1346
1707 3654
1708 1345
1708 1346
1708 3654
1708 3655
1709 1345
1709 3655
1710 1344
1710 3656
1711 1343
1711 1344
1711 3656
1711 3657
1712 1343
1712 3657
1713 1342
1713 3658
1714 1341
1714 1342
1714 3658
1714 3659
1715 1341
1715 3659
1716 1340
1716 3660
1717 1339
1717 1340
1717 3660
1717 3661
1718 1339
1718 3661
1719 1338
1719 3662
1720 1337
1720 3663
1721 1337
1721 3663
1722 1336
1722 3664
1723 1335
1723 3665
1724 1335
1724 3665
1725 1334
1725 3666
1726 1333
1726 1334
1726 3666
1726 3667
1727 1333
1727 3667
1728 1332
1728 3668
1729 1331
1729 1332
1729 3668
1729 3669
1730 1331
1730 3669
1731 1330
1731 3670
1732 1329
1732 1330
1732 3670
1732 3671
1733 1329
1733 3671
1734 1328
1734 3672
1735 1327
1735 1328
1735 3672
1735 3673
1736 1327
1736 3673
1737 1326
1737 3674
1738 1325
1738 1326
1738 3674
1738 3675
1739 1325
1739 3675
1740 1324
1740 1325
1740 3675
1740 3676
1741 1323
1741 1324
1741 3676
1741 3677
1742 1323
1742 3677
1743 1322
1743 1323
1743 3677
1743 3678
1744 1321
1744 1322
1744 3678
1744 3679
1745 1321
1745 3679
1746 1320
1746 1321
1746 3679
1746 3680
1747 1319
1747 1320
1747 3680
1747 3681
1748 1319
1748 3681
1749 1318
1749 1319
1749 3681
1749 3682
1750 1318
1750 3682
1751 1317
1751 3683
1752 1316
1752 1317
1752 3683
1752 3684
1753 1316
1753 3684
1754 1315
1754 1316
1754 3684
1754 3685
1755 1314
1755 1315
1755 3685
1755 3686
1756 1314
1756 3686
1757 1313
1757 1314
1757 3686
1757 3687
1758 1313
1758 3687
1759 1312
1759 3688
1760 1311
1760 1312
1760 3688
1760 3689
1761 1311
1761 3689
1762 1310
1762 1311
1762 3689
1762 3690
1763 1309
1763 1310
1763 3690
1763 3691
1764 1309
1764 3691
1765 1308
1765 1309
1765 3691
1765 3692
1766 1308
1766 3692
1767 1307
1767 3693
1768 1306
1768 1307
1768 3693
1768 3694
1769 1306
1769 3694
1770 1305
1770 1306
1770 3694
1770 3695
1771 1304
1771 1305
1771 3695
1771 3696
1772 1304
1772 3696
1773 1303
1773 1304
1773 3696
1773 3697
1774 1303
1774 3697
1775 1302
1775 1303
1775 3697
1775 3698
1776 1301
1776 1302
1776 3698
1776 3699
1777 1301
1777 3699
1778 1300
1778 1301
1778 3699
1778 3700
1779 1300
1779 3700
1780 1299
1780 1300
1780 3700
1780 3701
1781 1299
1781 3701
1782 1298
1782 3702
1783 1297
1783 1298
1783 3702
1783 3703
1784 1297
1784 3703
1785 1296
1785 3704
1786 1296
1786 3704
1787 1295
1787 3705
1788 1295
1788 3705
1789 1294
1789 3706
1790 1293
1790 3707
1791 1293
1791 3707
1792 1292
1792 3708
1793 1292
1793 3708
1794 1291
1794 3709
1795 1290
1795 1291
1795 3709
1795 3710
1796 1290
1796 3710
1797 1289
1797 3711
1798 1288
1798 1289
1798 3711
1798 3712
1799 1288
1799 3712
1800 1287
1800 1288
1800 3712
1800 3713
1801 1287
1801 3713
1802 1286
1802 1287
1802 3713
1802 3714
1803 1286
1803 3714
1804 1285
1804 3715
1805 1285
1805 3715
1806 1284
1806 3716
1807 1283
1807 1284
1807 3716
1807 3717
1808 1283
1808 3717
1809 1282
1809 3718
1810 1282
1810 3718
1811 1281
1811 3719
1812 1281
1812 3719
1813 1280
1813 3720
1814 1279
1814 1280
1814 3720
1814 3721
1815 1279
1815 3721
1816 1278
1816 1279
1816 3721
1816 3722
1817 1278
1817 3722
1818 1277
1818 1278
1818 3722
1818 3723
1819 1277
1819 3723
1820 1276
1820 3724
1821 1276
1821 3724
1822 1275
1822 3725
1823 1275
1823 3725
1824 1274
1824 3726
1825 1273
1825 1274
1825 3726
1825 3727
1826 1273
1826 3727
1827 1272
1827 3728
1828 1272
1828 3728
1829 1271
1829 3729
1830 1270
1830 1271
1830 3729
1830 3730
1831 1270
1831 3730
1832 1269
1832 1270
1832 3730
1832 3731
1833 1269
1833 3731
1834 1268
1834 1269
1834 3731
1834 3732
1835 1268
1835 3732
1836 1267
1836 1268
1836 3732
1836 3733
1837 1267
1837 3733
1838 1266
1838 1267
1838 3733
1838 3734
1839 1266
1839 3734
1840 1265
1840 1266
1840 3734
1840 3735
1841 1265
1841 3735
1842 1264
1842 1265
1842 3735
1842 3736
1843 1264
1843 3736
1844 1263
1844 3737
1845 1263
1845 3737
1846 1262
1846 3738
1847 1262
1847 3738
1848 1261
1848 3739
1849 1260
1849 1261
1849 3739
1849 3740
1850 1260
1850 3740
1851 1259
1851 1260
1851 3740
1851 3741
1852 1259
1852 3741
1853 1258
1853 1259
1853 3741
1853 3742
1854 1258
1854 3742
1855 1257
1855 3743
1856 1257
1856 3743
1857 1256
1857 3744
1858 1256
1858 3744
1859 1255
1859 1256
1859 3744
1859 3745
1860 1255
1860 3745
1861 1254
1861 1255
1861 3745
1861 3746
1862 1254
1862 3746
1863 1253
1863 3747
1864 1253
1864 3747
1865 1252
1865 3748
1866 1252
1866 3748
1867 1251
1867 3749
1868 1251
1868 3749
1869 1250
1869 3750
1870 1250
1870 3750
1871 1249
1871 3751
1872 1249
1872 3751
1873 1248
1873 3752
1874 1248
1874 3752
1875 1247
1875 3753
1876 1247
1876 3753
1877 1246
1877 3754
1878 1246
1878 3754
1879 1245
1879 3755
1880 1245
1880 3755
1881 1244
1881 3756
1882 1244
1882 3756
1883 1243
1883 1244
1883 3756
1883 3757
1884 1243
1884 3757
1885 1242
1885 3758
1886 1242
1886 3758
1887 1241
1887 3759
1888 1241
1888 3759
1889 1240
1889 1241
1889 3759
1889 3760
1890 1240
1890 3760
1891 1239
1891 1240
1891 3760
1891 3761
1892 1239
1892 3761
1893 1238
1893 3762
1894 1238
1894 3762
1895 1237
1895 1238
1895 3762
1895 3763
1896 1237
1896 3763
1897 1236
1897 1237
1897 3763
1897 3764
1898 1236
1898 3764
1899 1235
1899 1236
1899 3764
1899 3765
1900 1235
1900 3765
1901 1234
1901 1235
1901 3765
1901 3766
1902 1234
1902 3766
1903 1234
1903 3766
1904 1233
1904 3767
1905 1233
1905 3767
1906 1232
1906 3768
1907 1232
1907 3768
1908 1231
1908 1232
1908 3768
1908 3769
1909 1231
1909 3769
1910 1230
1910 3770
1911 1230
1911 3770
1912 1229
1912 1230
1912 3770
1912 3771
1913 1229
1913 3771
1914 1228
1914 1229
1914 3771
1914 3772
1915 1228
1915 3772
1916 1228
1916 3772
1917 1227
1917 3773
1918 1226
1918 1227
1918 3773
1918 3774
1919 1226
1919 3774
1920 1226
1920 3774
1921 1225
1921 3775
1922 1225
1922 3775
1923 1224
1923 1225
1923 3775
1923 3776
1924 1224
1924 3776
1925 1223
1925 1224
1925 3776
1925 3777
1926 1223
1926 3777
1927 1223
1927 3777
1928 1222
1928 3778
1929 1222
1929 3778
1930 1221
1930 3779
1931 1221
1931 3779
1932 1220
1932 3780
1933 1220
1933 3780
1934 1219
1934 1220
1934 3780
1934 3781
1935 1219
1935 3781
1936 1219
1936 3781
1937 1218
1937 3782
1938 1218
1938 3782
1939 1217
1939 1218
1939 3782
1939 3783
1940 1217
1940 3783
1941 1216
1941 3784
1942 1216
1942 3784
1943 1215
1943 1216
1943 3784
1943 3785
1944 1215
1944 3785
1945 1215
1945 3785
1946 1214
1946 3786
1947 1214
1947 3786
1948 1213
1948 1214
1948 3786
1948 3787
1949 1213
1949 3787
1950 1213
1950 3787
1951 1212
1951 3788
1952 1212
1952 3788
1953 1211
1953 3789
1954 1211
1954 3789
1955 1210
1955 3790
1956 1210
1956 3790
1957 1209
1957 1210
1957 3790
1957 3791
1958 1209
1958 3791
1959 1209
1959 3791
1960 1208
1960 3792
1961 1208
1961 3792
1962 1207
1962 1208
1962 3792
1962 3793
1963 1207
1963 3793
1964 1207
1964 3793
1965 1206
1965 3794
1966 1206
1966 3794
1967 1205
1967 1206
1967 3794
1967 3795
1968 1205
1968 3795
1969 1204
1969 1205
1969 3795
1969 3796
1970 1204
1970 3796
1971 1204
1971 3796
1972 1203
1972 3797
1973 1203
1973 3797
1974 1202
1974 1203
1974 3797
1974 3798
1975 1202
1975 3798
1976 1202
1976 3798
1977 1201
1977 3799
1978 1201
1978 3799
1979 1201
1979 3799
1980 1200
1980 3800
1981 1200
1981 3800
1982 1199
1982 1200
1982 3800
1982 3801
1983 1199
1983 3801
1984 1198
1984 1199
1984 3801
1984 3802
1985 1198
1985 3802
1986 1198
1986 3802
1987 1197
1987 3803
1988 1197
1988 3803
1989 1196
1989 1197
1989 3803
1989 3804
1990 1196
1990 3804
1991 1196
1991 3804
1992 1195
1992 1196
1992 3804
1992 3805
1993 1195
1993 3805
1994 1195
1994 3805
1995 1194
1995 3806
1996 1194
1996 3806
1997 1193
1997 1194
1997 3806
1997 3807
1998 1193
1998 3807
1999 1193
1999 3807
2000 1192
2000 3808
2001 1192
2001 3808
2002 1192
2002 3808
2003 1191
2003 3809
2004 1191
2004 3809
2005 1190
2005 3810
2006 1190
2006 3810
2007 1190
2007 3810
2008 1189
2008 3811
2009 1189
2009 3811
2010 1188
2010 1189
2010 3811
2010 3812
2011 1188
2011 3812
2012 1188
2012 3812
2013 1187
2013 3813
2014 1187
2014 3813
2015 1187
2015 3813
2016 1186
2016 3814
2017 1186
2017 3814
2018 1186
2018 3814
2019 1185
2019 3815
2020 1185
2020 3815
2021 1184
2021 1185
2021 3815
2021 3816
2022 1184
2022 3816
2023 1184
2023 3816
2024 1183
2024 1184
2024 3816
2024 3817
2025 1183
2025 3817
2026 1183
2026 3817
2027 1182
2027 3818
2028 1182
2028 3818
2029 1182
2029 3818
2030 1181
2030 3819
2031 1181
2031 3819
2032 1181
2032 3819
2033 1180
2033 3820
2034 1180
2034 3820
2035 1179
2035 3821
2036 1179
2036 3821
2037 1179
2037 3821
2038 1178
2038 3822
2039 1178
2039 3822
2040 1178
2040 3822
2041 1177
2041 3823
2042 1177
2042 3823
2043 1177
2043 3823
2044 1176
2044 3824
2045 1176
2045 3824
2046 1176
2046 3824
2047 1175
2047 3825
2048 1175
2048 3825
2049 1175
2049 3825
2050 1174
2050 3826
2051 1174
2051 3826
2052 1174
2052 3826
2053 1173
2053 3827
2054 1173
2054 3827
2055 1173
2055 3827
2056 1172
2056 3828
2057 1172
2057 3828
2058 1172
2058 3828
2059 1171
2059 3829
2060 1171
2060 3829
2061 1171
2061 3829
2062 1170
2062 3830
2063 1170
2063 3830
2064 1170
2064 3830
2065 1169
2065 3831
2066 1169
2066 3831
2067 1169
2067 3831
2068 1168
2068 3832
2069 1168
2069 3832
2070 1168
2070 3832
2071 1167
2071 3833
2072 1167
2072 3833
2073 1167
2073 3833
2074 1166
2074 3834
2075 1166
2075 3834
2076 1166
2076 3834
2077 1165
2077 1166
2077 3834
2077 3835
2078 1165
2078 3835
2079 1165
2079 3835
2080 1164
2080 1165
2080 3835
2080 3836
2081 1164
2081 3836
2082 1164
2082 3836
2083 1163
2083 1164
2083 3836
2083 3837
2084 1163
2084 3837
2085 1163
2085 3837
2086 1163
2086 3837
2087 1162
2087 3838
2088 1162
2088 3838
2089 1162
2089 3838
2090 1161
2090 3839
2091 1161
2091 3839
2092 1161
2092 3839
2093 1160
2093 1161
2093 3839
2093 3840
2094 1160
2094 3840
2095 1160
2095 3840
2096 1159
2096 1160
2096 3840
2096 3841
2097 1159
2097 3841
2098 1159
2098 3841
2099 1159
2099 3841
2100 1158
2100 3842
2101 1158
2101 3842
2102 1158
2102 3842
2103 1157
2103 1158
2103 3842
2103 3843
2104 1157
2104 3843
2105 1157
2105 3843
2106 1157
2106 3843
2107 1156
2107 3844
2108 1156
2108 3844
2109 1156
2109 3844
2110 1155
2110 3845
2111 1155
2111 3845
2112 1155
2112 3845
2113 1154
2113 1155
2113 3845
2113 3846
2114 1154
2114 3846
2115 1154
2115 3846
2116 1154
2116 3846
2117 1153
2117 3847
2118 1153
2118 3847
2119 1153
2119 3847
2120 1152
2120 1153
2120 3847
2120 3848
2121 1152
2121 3848
2122 1152
2122 3848
2123 1152
2123 3848
2124 1151
2124 3849
2125 1151
2125 3849
2126 1151
2126 3849
2127 1150
2127 1151
2127 3849
2127 3850
2128 1150
2128 3850
2129 1150
2129 3850
2130 1150
2130 3850
2131 1149
2131 1150
2131 3850
2131 3851
2132 1149
2132 3851
2133 1149
2133 3851
2134 1149
2134 3851
2135 1148
2135 3852
2136 1148
2136 3852
2137 1148
2137 3852
2138 1148
2138 3852
2139 1147
2139 3853
2140 1147
2140 3853
2141 1147
2141 3853
2142 1147
2142 3853
2143 1146
2143 3854
2144 1146
2144 3854
2145 1146
2145 3854
2146 1145
2146 1146
2146 3854
2146 3855
2147 1145
2147 3855
2148 1145
2148 3855
2149 1145
2149 3855
2150 1144
2150 1145
2150 3855
2150 3856
2151 1144
2151 3856
2152 1144
2152 3856
2153 1144
2153 3856
2154 1143
2154 1144
2154 3856
2154 3857
2155 1143
2155 3857
2156 1143
2156 3857
2157 1143
2157 3857
2158 1142
2158 3858
2159 1142
2159 3858
2160 1142
2160 3858
2161 1142
2161 3858
2162 1141
2162 3859
2163 1141
2163 3859
2164 1141
2164 3859
2165 1141
2165 3859
2166 1140
2166 3860
2167 1140
2167 3860
2168 1140
2168 3860
2169 1140
2169 3860
2170 1139
2170 3861
2171 1139
2171 3861
2172 1139
2172 3861
2173 1139
2173 3861
2174 1138
2174 1139
2174 3861
2174 3862
2175 1138
2175 3862
2176 1138
2176 3862
2177 1138
2177 3862
2178 1138
2178 3862
2179 1137
2179 3863
2180 1137
2180 3863
2181 1137
2181 3863
2182 1137
2182 3863
2183 1136
2183 3864
2184 1136
2184 3864
2185 1136
2185 3864
2186 1136
2186 3864
2187 1135
2187 3865
2188 1135
2188 3865
2189 1135
2189 3865
2190 1135
2190 3865
2191 1134
2191 1135
2191 3865
2191 3866
2192 1134
2192 3866
2193 1134
2193 3866
2194 1134
2194 3866
2195 1134
2195 3866
2196 1133
2196 3867
2197 1133
2197 3867
2198 1133
2198 3867
2199 1133
2199 3867
2200 1133
2200 3867
2201 1132
2201 3868
2202 1132
2202 3868
2203 1132
2203 3868
2204 1132
2204 3868
2205 1131
2205 1132
2205 3868
2205 3869
2206 1131
2206 3869
2207 1131
2207 3869
2208 1131
2208 3869
2209 1131
2209 3869
2210 1130
2210 3870
2211 1130
2211 3870
2212 1130
2212 3870
2213 1130
2213 3870
2214 1129
2214 1130
2214 3870
2214 3871
2215 1129
2215 3871
2216 1129
2216 3871
2217 1129
2217 3871
2218 1129
2218 3871
2219 1128
2219 1129
2219 3871
2219 3872
2220 1128
2220 3872
2221 1128
2221 3872
2222 1128
2222 3872
2223 1128
2223 3872
2224 1127
2224 1128
2224 3872
2224 3873
2225 1127
2225 3873
2226 1127
2226 3873
2227 1127
2227 3873
2228 1127
2228 3873
2229 1126
2229 1127
2229 3873
2229 3874
2230 1126
2230 3874
2231 1126
2231 3874
2232 1126
2232 3874
2233 1126
2233 3874
2234 1125
2234 1126
2234 3874
2234 3875
2235 1125
2235 3875
2236 1125
2236 3875
2237 1125
2237 3875
2238 1125
2238 3875
2239 1125
2239 3875
2240 1124
2240 3876
2241 1124
2241 3876
2242 1124
2242 3876
2243 1124
2243 3876
2244 1124
2244 3876
2245 1123
2245 3877
2246 1123
2246 3877
2247 1123
2247 3877
2248 1123
2248 3877
2249 1123
2249 3877
2250 1122
2250 1123
2250 3877
2250 3878
2251 1122
2251 3878
2252 1122
2252 3878
2253 1122
2253 3878
2254 1122
2254 3878
2255 1122
2255 3878
2256 1121
2256 1122
2256 3878
2256 3879
2257 1121
2257 3879
2258 1121
2258 3879
2259 1121
2259 3879
2260 1121
2260 3879
2261 1121
2261 3879
2262 1120
2262 3880
2263 1120
2263 3880
2264 1120
2264 3880
2265 1120
2265 3880
2266 1120
2266 3880
2267 1119
2267 1120
2267 3880
2267 3881
2268 1119
2268 3881
2269 1119
2269 3881
2270 1119
2270 3881
2271 1119
2271 3881
2272 1119
2272 3881
2273 1119
2273 3881
2274 1118
2274 3882
2275 1118
2275 3882
2276 1118
2276 3882
2277 1118
2277 3882
2278 1118
2278 3882
2279 1118
2279 3882
2280 1117
2280 3883
2281 1117
2281 3883
2282 1117
2282 3883
2283 1117
2283 3883
2284 1117
2284 3883
2285 1117
2285 3883
2286 1116
2286 1117
2286 3883
2286 3884
2287 1116
2287 3884
2288 1116
2288 3884
2289 1116
2289 3884
2290 1116
2290 3884
2291 1116
2291 3884
2292 1116
2292 3884
2293 1115
2293 3885
2294 1115
2294 3885
2295 1115
2295 3885
2296 1115
2296 3885
2297 1115
2297 3885
2298 1115
2298 3885
2299 1114
2299 1115
2299 3885
2299 3886
2300 1114
2300 3886
2301 1114
2301 3886
2302 1114
2302 3886
2303 1114
2303 3886
2304 1114
2304 3886
2305 1114
2305 3886
2306 1113
2306 1114
2306 3886
2306 3887
2307 1113
2307 3887
2308 1113
2308 3887
2309 1113
2309 3887
2310 1113
2310 3887
2311 1113
2311 3887
2312 1113
2312 3887
2313 1112
2313 1113
2313 3887
2313 3888
2314 1112
2314 3888
2315 1112
2315 3888
2316 1112
2316 3888
2317 1112
2317 3888
2318 1112
2318 3888
2319 1112
2319 3888
2320 1112
2320 3888
2321 1111
2321 1112
2321 3888
2321 3889
2322 1111
2322 3889
2323 1111
2323 3889
2324 1111
2324 3889
2325 1111
2325 3889
2326 1111
2326 3889
2327 1111
2327 3889
2328 1111
2328 3889
2329 1110
2329 1111
2329 3889
2329 3890
2330 1110
2330 3890
2331 1110
2331 3890
2332 1110
2332 3890
2333 1110
2333 3890
2334 1110
2334 3890
2335 1110
2335 3890
2336 1110
2336 3890
2337 1109
2337 1110
2337 3890
2337 3891
2338 1109
2338 3891
2339 1109
2339 3891
2340 1109
2340 3891
2341 1109
2341 3891
2342 1109
2342 3891
2343 1109
2343 3891
2344 1109
2344 3891
2345 1109
2345 3891
2346 1108
2346 1109
2346 3891
2346 3892
2347 1108
2347 3892
2348 1108
2348 3892
2349 1108
2349 3892
2350 1108
2350 3892
2351 1108
2351 3892
2352 1108
2352 3892
2353 1108
2353 3892
2354 1108
2354 3892
2355 1108
2355 3892
2356 1107
2356 3893
2357 1107
2357 3893
2358 1107
2358 3893
2359 1107
2359 3893
2360 1107
2360 3893
2361 1107
2361 3893
2362 1107
2362 3893
2363 1107
2363 3893
2364 1107
2364 3893
2365 1107
2365 3893
2366 1106
2366 3894
2367 1106
2367 3894
2368 1106
2368 3894
2369 1106
2369 3894
2370 1106
2370 3894
2371 1106
2371 3894
2372 1106
2372 3894
2373 1106
2373 3894
2374 1106
2374 3894
2375 1106
2375 3894
2376 1105
2376 1106
2376 3894
2376 3895
2377 1105
2377 3895
2378 1105
2378 3895
2379 1105
2379 3895
2380 1105
2380 3895
2381 1105
2381 3895
2382 1105
2382 3895
2383 1105
2383 3895
2384 1105
2384 3895
2385 1105
2385 3895
2386 1105
2386 3895
2387 1105
2387 3895
2388 1104
2388 3896
2389 1104
2389 3896
2390 1104
2390 3896
2391 1104
2391 3896
2392 1104
2392 3896
2393 1104
2393 3896
2394 1104
2394 3896
2395 1104
2395 3896
2396 1104
2396 3896
2397 1104
2397 3896
2398 1104
2398 3896
2399 1104
2399 3896
2400 1104
2400 3896
2401 1104
2401 3896
2402 1103
2402 3897
2403 1103
2403 3897
2404 1103
2404 3897
2405 1103
2405 3897
2406 1103
2406 3897
2407 1103
2407 3897
2408 1103
2408 3897
2409 1103
2409 3897
2410 1103
2410 3897
2411 1103
2411 3897
2412 1103
2412 3897
2413 1103
2413 3897
2414 1103
2414 3897
2415 1103
2415 3897
2416 1103
2416 3897
2417 1102
2417 3898
2418 1102
2418 3898
2419 1102
2419 3898
2420 1102
2420 3898
2421 1102
2421 3898
2422 1102
2422 3898
2423 1102
2423 3898
2424 1102
2424 3898
2425 1102
2425 3898
2426 1102
2426 3898
2427 1102
2427 3898
2428 1102
2428 3898
2429 1102
2429 3898
2430 1102
2430 3898
2431 1102
2431 3898
2432 1102
2432 3898
2433 1102
2433 3898
2434 1102
2434 3898
2435 1101
2435 1102
2435 3898
2435 3899
2436 1101
2436 3899
2437 1101
2437 3899
2438 1101
2438 3899
2439 1101
2439 3899
2440 1101
2440 3899
2441 1101
2441 3899
2442 1101
2442 3899
2443 1101
2443 3899
2444 1101
2444 3899
2445 1101
2445 3899
2446 1101
2446 3899
2447 1101
2447 3899
2448 1101
2448 3899
2449 1101
2449 3899
2450 1101
2450 3899
2451 1101
2451 3899
2452 1101
2452 3899
2453 1101
2453 3899
2454 1101
2454 3899
2455 1101
2455 3899
2456 1101
2456 3899
2457 1101
2457 3899
2458 1101
2458 3899
2459 1101
2459 3899
2460 1101
2460 3899
2461 1101
2461 3899
2462 1101
2462 3899
2463 1100
2463 3900
2464 1100
2464 3900
2465 1100
2465 3900
2466 1100
2466 3900
2467 1100
2467 3900
2468 1100
2468 3900
2469 1100
2469 3900
2470 1100
2470 3900
2471 1100
2471 3900
2472 1100
2472 3900
2473 1100
2473 3900
2474 1100
2474 3900
2475 1100
2475 3900
2476 1100
2476 3900
2477 1100
2477 3900
2478 1100
2478 3900
2479 1100
2479 3900
2480 1100
2480 3900
2481 1100
2481 3900
2482 1100
2482 3900
2483 1100
2483 3900
2484 1100
2484 3900
2485 1100
2485 3900
2486 1100
2486 3900
2487 1100
2487 3900
2488 1100
2488 3900
2489 1100
2489 3900
2490 1100
2490 3900
2491 1100
2491 3900
2492 1100
2492 3900
2493 1100
2493 3900
2494 1100
2494 3900
2495 1100
2495 3900
2496 1100
2496 3900
2497 1100
2497 3900
2498 1100
2498 3900
2499 1100
2499 3900
2500 1100
2500 3900
2501 1100
2501 3900
2502 1100
2502 3900
2503 1100
2503 3900
2504 1100
2504 3900
2505 1100
2505 3900
2506 1100
2506 3900
2507 1100
2507 3900
2508 1100
2508 3900
2509 1100
2509 3900
2510 1100
2510 3900
2511 1100
2511 3900
2512 1100
2512 3900
2513 1100
2513 3900
2514 1100
2514 3900
2515 1100
2515 3900
2516 1100
2516 3900
2517 1100
2517 3900
2518 1100
2518 3900
2519 1100
2519 3900
2520 1100
2520 3900
2521 1100
2521 3900
2522 1100
2522 3900
2523 1100
2523 3900
2524 1100
2524 3900
2525 1100
2525 3900
2526 1100
2526 3900
2527 1100
2527 3900
2528 1100
2528 3900
2529 1100
2529 3900
2530 1100
2530 3900
2531 1100
2531 3900
2532 1100
2532 3900
2533 1100
2533 3900
2534 1100
2534 3900
2535 1100
2535 3900
2536 1100
2536 3900
2537 1100
2537 3900
2538 1101
2538 3899
2539 1101
2539 3899
2540 1101
2540 3899
2541 1101
2541 3899
2542 1101
2542 3899
2543 1101
2543 3899
2544 1101
2544 3899
2545 1101
2545 3899
2546 1101
2546 3899
2547 1101
2547 3899
2548 1101
2548 3899
2549 1101
2549 3899
2550 1101
2550 3899
2551 1101
2551 3899
2552 1101
2552 3899
2553 1101
2553 3899
2554 1101
2554 3899
2555 1101
2555 3899
2556 1101
2556 3899
2557 1101
2557 3899
2558 1101
2558 3899
2559 1101
2559 3899
2560 1101
2560 3899
2561 1101
2561 3899
2562 1101
2562 3899
2563 1101
2563 3899
2564 1101
2564 3899
2565 1101
2565 1102
2565 3898
2565 3899
2566 1102
2566 3898
2567 1102
2567 3898
2568 1102
2568 3898
2569 1102
2569 3898
2570 1102
2570 3898
2571 1102
2571 3898
2572 1102
2572 3898
2573 1102
2573 3898
2574 1102
2574 3898
2575 1102
2575 3898
2576 1102
2576 3898
2577 1102
2577 3898
2578 1102
2578 3898
2579 1102
2579 3898
2580 1102
2580 3898
2581 1102
2581 3898
2582 1102
2582 3898
2583 1102
2583 3898
2584 1102
2584 1103
2584 3897
2584 3898
2585 1103
2585 3897
2586 1103
2586 3897
2587 1103
2587 3897
2588 1103
2588 3897
2589 1103
2589 3897
2590 1103
2590 3897
2591 1103
2591 3897
2592 1103
2592 3897
2593 1103
2593 3897
2594 1103
2594 3897
2595 1103
2595 3897
2596 1103
2596 3897
2597 1103
2597 3897
2598 1103
2598 3897
2599 1103
2599 1104
2599 3896
2599 3897
2600 1104
2600 3896
2601 1104
2601 3896
2602 1104
2602 3896
2603 1104
2603 3896
2604 1104
2604 3896
2605 1104
2605 3896
2606 1104
2606 3896
2607 1104
2607 3896
2608 1104
2608 3896
2609 1104
2609 3896
2610 1104
2610 3896
2611 1104
2611 3896
2612 1104
2612 1105
2612 3895
2612 3896
2613 1105
2613 3895
2614 1105
2614 3895
2615 1105
2615 3895
2616 1105
2616 3895
2617 1105
2617 3895
2618 1105
2618 3895
2619 1105
2619 3895
2620 1105
2620 3895
2621 1105
2621 3895
2622 1105
2622 3895
2623 1105
2623 3895
2624 1105
2624 1106
2624 3894
2624 3895
2625 1106
2625 3894
2626 1106
2626 3894
2627 1106
2627 3894
2628 1106
2628 3894
2629 1106
2629 3894
2630 1106
2630 3894
2631 1106
2631 3894
2632 1106
2632 3894
2633 1106
2633 3894
2634 1106
2634 3894
2635 1107
2635 3893
2636 1107
2636 3893
2637 1107
2637 3893
2638 1107
2638 3893
2639 1107
2639 3893
2640 1107
2640 3893
2641 1107
2641 3893
2642 1107
2642 3893
2643 1107
2643 3893
2644 1107
2644 3893
2645 1107
2645 1108
2645 3892
2645 3893
2646 1108
2646 3892
2647 1108
2647 3892
2648 1108
2648 3892
2649 1108
2649 3892
2650 1108
2650 3892
2651 1108
2651 3892
2652 1108
2652 3892
2653 1108
2653 3892
2654 1108
2654 3892
2655 1109
2655 3891
2656 1109
2656 3891
2657 1109
2657 3891
2658 1109
2658 3891
2659 1109
2659 3891
2660 1109
2660 3891
2661 1109
2661 3891
2662 1109
2662 3891
2663 1110
2663 3890
2664 1110
2664 3890
2665 1110
2665 3890
2666 1110
2666 3890
2667 1110
2667 3890
2668 1110
2668 3890
2669 1110
2669 3890
2670 1110
2670 3890
2671 1110
2671 1111
2671 3889
2671 3890
2672 1111
2672 3889
2673 1111
2673 3889
2674 1111
2674 3889
2675 1111
2675 3889
2676 1111
2676 3889
2677 1111
2677 3889
2678 1111
2678 3889
2679 1111
2679 3889
2680 1112
2680 3888
2681 1112
2681 3888
2682 1112
2682 3888
2683 1112
2683 3888
2684 1112
2684 3888
2685 1112
2685 3888
2686 1112
2686 3888
2687 1113
2687 3887
2688 1113
2688 3887
2689 1113
2689 3887
2690 1113
2690 3887
2691 1113
2691 3887
2692 1113
2692 3887
2693 1113
2693 3887
2694 1113
2694 1114
2694 3886
2694 3887
2695 1114
2695 3886
2696 1114
2696 3886
2697 1114
2697 3886
2698 1114
2698 3886
2699 1114
2699 3886
2700 1114
2700 3886
2701 1114
2701 1115
2701 3885
2701 3886
2702 1115
2702 3885
2703 1115
2703 3885
2704 1115
2704 3885
2705 1115
2705 3885
2706 1115
2706 3885
2707 1115
2707 3885
2708 1115
2708 1116
2708 3884
2708 3885
2709 1116
2709 3884
2710 1116
2710 3884
2711 1116
2711 3884
2712 1116
2712 3884
2713 1116
2713 3884
2714 1116
2714 3884
2715 1117
2715 3883
2716 1117
2716 3883
2717 1117
2717 3883
2718 1117
2718 3883
2719 1117
2719 3883
2720 1117
2720 3883
2721 1118
2721 3882
2722 1118
2722 3882
2723 1118
2723 3882
2724 1118
2724 3882
2725 1118
2725 3882
2726 1118
2726 3882
2727 1118
2727 1119
2727 3881
2727 3882
2728 1119
2728 3881
2729 1119
2729 3881
2730 1119
2730 3881
2731 1119
2731 3881
2732 1119
2732 3881
2733 1119
2733 1120
2733 3880
2733 3881
2734 1120
2734 3880
2735 1120
2735 3880
2736 1120
2736 3880
2737 1120
2737 3880
2738 1120
2738 3880
2739 1120
2739 1121
2739 3879
2739 3880
2740 1121
2740 3879
2741 1121
2741 3879
2742 1121
2742 3879
2743 1121
2743 3879
2744 1121
2744 3879
2745 1122
2745 3878
2746 1122
2746 3878
2747 1122
2747 3878
2748 1122
2748 3878
2749 1122
2749 3878
2750 1122
2750 1123
2750 3877
2750 3878
2751 1123
2751 3877
2752 1123
2752 3877
2753 1123
2753 3877
2754 1123
2754 3877
2755 1123
2755 3877
2756 1124
2756 3876
2757 1124
2757 3876
2758 1124
2758 3876
2759 1124
2759 3876
2760 1124
2760 3876
2761 1124
2761 1125
2761 3875
2761 3876
2762 1125
2762 3875
2763 1125
2763 3875
2764 1125
2764 3875
2765 1125
2765 3875
2766 1125
2766 1126
2766 3874
2766 3875
2767 1126
2767 3874
2768 1126
2768 3874
2769 1126
2769 3874
2770 1126
2770 3874
2771 1126
2771 1127
2771 3873
2771 3874
2772 1127
2772 3873
2773 1127
2773 3873
2774 1127
2774 3873
2775 1127
2775 3873
2776 1127
2776 3873
2777 1128
2777 3872
2778 1128
2778 3872
2779 1128
2779 3872
2780 1128
2780 3872
2781 1128
2781 1129
2781 3871
2781 3872
2782 1129
2782 3871
2783 1129
2783 3871
2784 1129
2784 3871
2785 1129
2785 3871
2786 1129
2786 1130
2786 3870
2786 3871
2787 1130
2787 3870
2788 1130
2788 3870
2789 1130
2789 3870
2790 1130
2790 3870
2791 1131
2791 3869
2792 1131
2792 3869
2793 1131
2793 3869
2794 1131
2794 3869
2795 1131
2795 3869
2796 1132
2796 3868
2797 1132
2797 3868
2798 1132
2798 3868
2799 1132
2799 3868
2800 1132
2800 1133
2800 3867
2800 3868
2801 1133
2801 3867
2802 1133
2802 3867
2803 1133
2803 3867
2804 1133
2804 3867
2805 1134
2805 3866
2806 1134
2806 3866
2807 1134
2807 3866
2808 1134
2808 3866
2809 1134
2809 1135
2809 3865
2809 3866
2810 1135
2810 3865
2811 1135
2811 3865
2812 1135
2812 3865
2813 1135
2813 1136
2813 3864
2813 3865
2814 1136
2814 3864
2815 1136
2815 3864
2816 1136
2816 3864
2817 1136
2817 3864
2818 1136
2818 1137
2818 3863
2818 3864
2819 1137
2819 3863
2820 1137
2820 3863
2821 1137
2821 3863
2822 1137
2822 1138
2822 3862
2822 3863
2823 1138
2823 3862
2824 1138
2824 3862
2825 1138
2825 3862
2826 1138
2826 1139
2826 3861
2826 3862
2827 1139
2827 3861
2828 1139
2828 3861
2829 1139
2829 3861
2830 1139
2830 1140
2830 3860
2830 3861
2831 1140
2831 3860
2832 1140
2832 3860
2833 1140
2833 3860
2834 1140
2834 1141
2834 3859
2834 3860
2835 1141
2835 3859
2836 1141
2836 3859
2837 1141
2837 3859
2838 1141
2838 1142
2838 3858
2838 3859
2839 1142
2839 3858
2840 1142
2840 3858
2841 1142
2841 3858
2842 1142
2842 1143
2842 3857
2842 3858
2843 1143
2843 3857
2844 1143
2844 3857
2845 1143
2845 3857
2846 1143
2846 3857
2847 1144
2847 3856
2848 1144
2848 3856
2849 1144
2849 3856
2850 1144
2850 3856
2851 1145
2851 3855
2852 1145
2852 3855
2853 1145
2853 3855
2854 1145
2854 1146
2854 3854
2854 3855
2855 1146
2855 3854
2856 1146
2856 3854
2857 1146
2857 3854
2858 1146
2858 1147
2858 3853
2858 3854
2859 1147
2859 3853
2860 1147
2860 3853
2861 1147
2861 3853
2862 1148
2862 3852
2863 1148
2863 3852
2864 1148
2864 3852
2865 1148
2865 3852
2866 1149
2866 3851
2867 1149
2867 3851
2868 1149
2868 3851
2869 1149
2869 1150
2869 3850
2869 3851
2870 1150
2870 3850
2871 1150
2871 3850
2872 1150
2872 3850
2873 1151
2873 3849
2874 1151
2874 3849
2875 1151
2875 3849
2876 1151
2876 1152
2876 3848
2876 3849
2877 1152
2877 3848
2878 1152
2878 3848
2879 1152
2879 3848
2880 1153
2880 3847
2881 1153
2881 3847
2882 1153
2882 3847
2883 1153
2883 1154
2883 3846
2883 3847
2884 1154
2884 3846
2885 1154
2885 3846
2886 1154
2886 3846
2887 1155
2887 3845
2888 1155
2888 3845
2889 1155
2889 3845
2890 1155
2890 1156
2890 3844
2890 3845
2891 1156
2891 3844
2892 1156
2892 3844
2893 1156
2893 3844
2894 1156
2894 1157
2894 3843
2894 3844
2895 1157
2895 3843
2896 1157
2896 3843
2897 1157
2897 3843
2898 1158
2898 3842
2899 1158
2899 3842
2900 1158
2900 3842
2901 1159
2901 3841
2902 1159
2902 3841
2903 1159
2903 3841
2904 1159
2904 1160
2904 3840
2904 3841
2905 1160
2905 3840
2906 1160
2906 3840
2907 1160
2907 3840
2908 1161
2908 3839
2909 1161
2909 3839
2910 1161
2910 3839
2911 1162
2911 3838
2912 1162
2912 3838
2913 1162
2913 3838
2914 1162
2914 1163
2914 3837
2914 3838
2915 1163
2915 3837
2916 1163
2916 3837
2917 1163
2917 1164
2917 3836
2917 3837
2918 1164
2918 3836
2919 1164
2919 3836
2920 1164
2920 1165
2920 3835
2920 3836
2921 1165
2921 3835
2922 1165
2922 3835
2923 1165
2923 3835
2924 1166
2924 3834
2925 1166
2925 3834
2926 1166
2926 3834
2927 1167
2927 3833
2928 1167
2928 3833
2929 1167
2929 3833
2930 1168
2930 3832
2931 1168
2931 3832
2932 1168
2932 3832
2933 1168
2933 1169
2933 3831
2933 3832
2934 1169
2934 3831
2935 1169
2935 3831
2936 1169
2936 1170
2936 3830
2936 3831
2937 1170
2937 3830
2938 1170
2938 3830
2939 1171
2939 3829
2940 1171
2940 3829
2941 1171
2941 3829
2942 1172
2942 3828
2943 1172
2943 3828
2944 1172
2944 3828
2945 1173
2945 3827
2946 1173
2946 3827
2947 1173
2947 3827
2948 1174
2948 3826
2949 1174
2949 3826
2950 1174
2950 3826
2951 1175
2951 3825
2952 1175
2952 3825
2953 1175
2953 3825
2954 1176
2954 3824
2955 1176
2955 3824
2956 1176
2956 3824
2957 1177
2957 3823
2958 1177
2958 3823
2959 1177
2959 3823
2960 1178
2960 3822
2961 1178
2961 3822
2962 1178
2962 1179
2962 3821
2962 3822
2963 1179
2963 3821
2964 1179
2964 3821
2965 1179
2965 1180
2965 3820
2965 3821
2966 1180
2966 3820
2967 1180
2967 3820
2968 1180
2968 1181
2968 3819
2968 3820
2969 1181
2969 3819
2970 1181
2970 3819
2971 1181
2971 1182
2971 3818
2971 3819
2972 1182
2972 3818
2973 1182
2973 3818
2974 1183
2974 3817
2975 1183
2975 3817
2976 1183
2976 3817
2977 1184
2977 3816
2978 1184
2978 3816
2979 1184
2979 1185
2979 3815
2979 3816
2980 1185
2980 3815
2981 1185
2981 3815
2982 1185
2982 1186
2982 3814
2982 3815
2983 1186
2983 3814
2984 1186
2984 3814
2985 1187
2985 3813
2986 1187
2986 3813
2987 1187
2987 1188
2987 3812
2987 3813
2988 1188
2988 3812
2989 1188
2989 3812
2990 1189
2990 3811
2991 1189
2991 3811
2992 1189
2992 3811
2993 1190
2993 3810
2994 1190
2994 3810
2995 1190
2995 1191
2995 3809
2995 3810
2996 1191
2996 3809
2997 1191
2997 3809
2998 1191
2998 1192
2998 3808
2998 3809
2999 1192
2999 3808
3000 1192
3000 3808
3001 1193
3001 3807
3002 1193
3002 3807
3003 1193
3003 1194
3003 3806
3003 3807
3004 1194
3004 3806
3005 1194
3005 3806
3006 1194
3006 1195
3006 3805
3006 3806
3007 1195
3007 3805
3008 1195
3008 1196
3008 3804
3008 3805
3009 1196
3009 3804
3010 1196
3010 3804
3011 1197
3011 3803
3012 1197
3012 3803
3013 1197
3013 1198
3013 3802
3013 3803
3014 1198
3014 3802
3015 1198
3015 3802
3016 1198
3016 1199
3016 3801
3016 3802
3017 1199
3017 3801
3018 1199
3018 3801
3019 1200
3019 3800
3020 1200
3020 3800
3021 1200
3021 1201
3021 3799
3021 3800
3022 1201
3022 3799
3023 1201
3023 3799
3024 1202
3024 3798
3025 1202
3025 3798
3026 1203
3026 3797
3027 1203
3027 3797
3028 1203
3028 1204
3028 3796
3028 3797
3029 1204
3029 3796
3030 1204
3030 3796
3031 1205
3031 3795
3032 1205
3032 3795
3033 1205
3033 1206
3033 3794
3033 3795
3034 1206
3034 3794
3035 1206
3035 3794
3036 1207
3036 3793
3037 1207
3037 3793
3038 1207
3038 1208
3038 3792
3038 3793
3039 1208
3039 3792
3040 1208
3040 3792
3041 1209
3041 3791
3042 1209
3042 3791
3043 1210
3043 3790
3044 1210
3044 3790
3045 1210
3045 1211
3045 3789
3045 3790
3046 1211
3046 3789
3047 1211
3047 3789
3048 1212
3048 3788
3049 1212
3049 3788
3050 1212
3050 1213
3050 3787
3050 3788
3051 1213
3051 3787
3052 1213
3052 3787
3053 1214
3053 3786
3054 1214
3054 3786
3055 1215
3055 3785
3056 1215
3056 3785
3057 1216
3057 3784
3058 1216
3058 3784
3059 1216
3059 1217
3059 3783
3059 3784
3060 1217
3060 3783
3061 1217
3061 3783
3062 1218
3062 3782
3063 1218
3063 3782
3064 1218
3064 1219
3064 3781
3064 3782
3065 1219
3065 3781
3066 1219
3066 1220
3066 3780
3066 3781
3067 1220
3067 3780
3068 1220
3068 1221
3068 3779
3068 3780
3069 1221
3069 3779
3070 1221
3070 3779
3071 1222
3071 3778
3072 1222
3072 3778
3073 1222
3073 1223
3073 3777
3073 3778
3074 1223
3074 3777
3075 1223
3075 1224
3075 3776
3075 3777
3076 1224
3076 3776
3077 1224
3077 1225
3077 3775
3077 3776
3078 1225
3078 3775
3079 1225
3079 1226
3079 3774
3079 3775
3080 1226
3080 3774
3081 1226
3081 3774
3082 1227
3082 3773
3083 1227
3083 3773
3084 1227
3084 1228
3084 3772
3084 3773
3085 1228
3085 3772
3086 1228
3086 1229
3086 3771
3086 3772
3087 1229
3087 3771
3088 1229
3088 1230
3088 3770
3088 3771
3089 1230
3089 3770
3090 1230
3090 1231
3090 3769
3090 3770
3091 1231
3091 3769
3092 1231
3092 3769
3093 1232
3093 3768
3094 1232
3094 3768
3095 1233
3095 3767
3096 1233
3096 3767
3097 1234
3097 3766
3098 1234
3098 3766
3099 1235
3099 3765
3100 1235
3100 3765
3101 1235
3101 1236
3101 3764
3101 3765
3102 1236
3102 3764
3103 1236
3103 1237
3103 3763
3103 3764
3104 1237
3104 3763
3105 1237
3105 1238
3105 3762
3105 3763
3106 1238
3106 3762
3107 1238
3107 1239
3107 3761
3107 3762
3108 1239
3108 3761
3109 1239
3109 1240
3109 3760
3109 3761
3110 1240
3110 3760
3111 1240
3111 3760
3112 1241
3112 3759
3113 1241
3113 1242
3113 3758
3113 3759
3114 1242
3114 3758
3115 1242
3115 3758
3116 1243
3116 3757
3117 1243
3117 3757
3118 1244
3118 3756
3119 1244
3119 3756
3120 1245
3120 3755
3121 1245
3121 3755
3122 1246
3122 3754
3123 1246
3123 3754
3124 1247
3124 3753
3125 1247
3125 3753
3126 1248
3126 3752
3127 1248
3127 3752
3128 1249
3128 3751
3129 1249
3129 3751
3130 1250
3130 3750
3131 1250
3131 3750
3132 1251
3132 3749
3133 1251
3133 3749
3134 1252
3134 3748
3135 1252
3135 3748
3136 1253
3136 3747
3137 1253
3137 1254
3137 3746
3137 3747
3138 1254
3138 3746
3139 1254
3139 3746
3140 1255
3140 3745
3141 1255
3141 3745
3142 1256
3142 3744
3143 1256
3143 1257
3143 3743
3143 3744
3144 1257
3144 3743
3145 1257
3145 1258
3145 3742
3145 3743
3146 1258
3146 3742
3147 1258
3147 1259
3147 3741
3147 3742
3148 1259
3148 3741
3149 1259
3149 1260
3149 3740
3149 3741
3150 1260
3150 3740
3151 1260
3151 1261
3151 3739
3151 3740
3152 1261
3152 3739
3153 1261
3153 1262
3153 3738
3153 3739
3154 1262
3154 3738
3155 1262
3155 1263
3155 3737
3155 3738
3156 1263
3156 3737
3157 1264
3157 3736
3158 1264
3158 3736
3159 1265
3159 3735
3160 1265
3160 3735
3161 1266
3161 3734
3162 1266
3162 1267
3162 3733
3162 3734
3163 1267
3163 3733
3164 1267
3164 1268
3164 3732
3164 3733
3165 1268
3165 3732
3166 1268
3166 1269
3166 3731
3166 3732
3167 1269
3167 3731
3168 1270
3168 3730
3169 1270
3169 3730
3170 1271
3170 3729
3171 1271
3171 3729
3172 1272
3172 3728
3173 1272
3173 1273
3173 3727
3173 3728
3174 1273
3174 3727
3175 1273
3175 1274
3175 3726
3175 3727
3176 1274
3176 3726
3177 1274
3177 1275
3177 3725
3177 3726
3178 1275
3178 3725
3179 1275
3179 1276
3179 3724
3179 3725
3180 1276
3180 3724
3181 1277
3181 3723
3182 1277
3182 3723
3183 1278
3183 3722
3184 1278
3184 1279
3184 3721
3184 3722
3185 1279
3185 3721
3186 1279
3186 1280
3186 3720
3186 3721
3187 1280
3187 3720
3188 1281
3188 3719
3189 1281
3189 1282
3189 3718
3189 3719
3190 1282
3190 3718
3191 1282
3191 1283
3191 3717
3191 3718
3192 1283
3192 3717
3193 1283
3193 1284
3193 3716
3193 3717
3194 1284
3194 3716
3195 1285
3195 3715
3196 1285
3196 3715
3197 1286
3197 3714
3198 1286
3198 3714
3199 1287
3199 3713
3200 1288
3200 3712
3201 1288
3201 3712
3202 1289
3202 3711
3203 1289
3203 3711
3204 1290
3204 3710
3205 1290
3205 1291
3205 3709
3205 3710
3206 1291
3206 3709
3207 1291
3207 1292
3207 3708
3207 3709
3208 1292
3208 3708
3209 1293
3209 3707
3210 1293
3210 1294
3210 3706
3210 3707
3211 1294
3211 3706
3212 1294
3212 1295
3212 3705
3212 3706
3213 1295
3213 3705
3214 1296
3214 3704
3215 1296
3215 1297
3215 3703
3215 3704
3216 1297
3216 3703
3217 1297
3217 1298
3217 3702
3217 3703
3218 1298
3218 3702
3219 1299
3219 3701
3220 1299
3220 3701
3221 1300
3221 3700
3222 1300
3222 1301
3222 3699
3222 3700
3223 1301
3223 3699
3224 1302
3224 3698
3225 1302
3225 3698
3226 1303
3226 3697
3227 1303
3227 1304
3227 3696
3227 3697
3228 1304
3228 3696
3229 1305
3229 3695
3230 1305
3230 3695
3231 1306
3231 3694
3232 1307
3232 3693
3233 1307
3233 3693
3234 1308
3234 3692
3235 1308
3235 1309
3235 3691
3235 3692
3236 1309
3236 3691
3237 1310
3237 3690
3238 1310
3238 3690
3239 1311
3239 3689
3240 1311
3240 1312
3240 3688
3240 3689
3241 1312
3241 3688
3242 1313
3242 3687
3243 1313
3243 1314
3243 3686
3243 3687
3244 1314
3244 3686
3245 1315
3245 3685
3246 1315
3246 3685
3247 1316
3247 3684
3248 1316
3248 1317
3248 3683
3248 3684
3249 1317
3249 3683
3250 1318
3250 3682
3251 1318
3251 1319
3251 3681
3251 3682
3252 1319
3252 3681
3253 1320
3253 3680
3254 1320
3254 3680
3255 1321
3255 3679
3256 1322
3256 3678
3257 1322
3257 3678
3258 1323
3258 3677
3259 1324
3259 3676
3260 1324
3260 3676
3261 1325
3261 3675
3262 1325
3262 1326
3262 3674
3262 3675
3263 1326
3263 3674
3264 1327
3264 3673
3265 1327
3265 1328
3265 3672
3265 3673
3266 1328
3266 3672
3267 1329
3267 3671
3268 1329
3268 1330
3268 3670
3268 3671
3269 1330
3269 3670
3270 1331
3270 3669
3271 1331
3271 1332
3271 3668
3271 3669
3272 1332
3272 3668
3273 1333
3273 3667
3274 1333
3274 1334
3274 3666
3274 3667
3275 1334
3275 3666
3276 1334
3276 1335
3276 3665
3276 3666
3277 1335
3277 1336
3277 3664
3277 3665
3278 1336
3278 3664
3279 1336
3279 1337
3279 3663
3279 3664
3280 1337
3280 1338
3280 3662
3280 3663
3281 1338
3281 3662
3282 1339
3282 3661
3283 1339
3283 1340
3283 3660
3283 3661
3284 1340
3284 3660
3285 1341
3285 3659
3286 1341
3286 1342
3286 3658
3286 3659
3287 1342
3287 3658
3288 1343
3288 3657
3289 1343
3289 1344
3289 3656
3289 3657
3290 1344
3290 3656
3291 1345
3291 3655
3292 1345
3292 1346
3292 3654
3292 3655
3293 1346
3293 3654
3294 1347
3294 3653
3295 1347
3295 1348
3295 3652
3295 3653
3296 1348
3296 1349
3296 3651
3296 3652
3297 1349
3297 3651
3298 1349
3298 1350
3298 3650
3298 3651
3299 1350
3299 1351
3299 3649
3299 3650
3300 1351
3300 3649
3301 1352
3301 3648
3302 1352
3302 1353
3302 3647
3302 3648
3303 1353
3303 3647
3304 1354
3304 3646
3305 1354
3305 1355
3305 3645
3305 3646
3306 1355
3306 3645
3307 1356
3307 3644
3308 1356
3308 1357
3308 3643
3308 3644
3309 1357
3309 1358
3309 3642
3309 3643
3310 1358
3310 3642
3311 1358
3311 1359
3311 3641
3311 3642
3312 1359
3312 1360
3312 3640
3312 3641
3313 1360
3313 1361
3313 3639
3313 3640
3314 1361
3314 3639
3315 1362
3315 3638
3316 1362
3316 1363
3316 3637
3316 3638
3317 1363
3317 3637
3318 1364
3318 3636
3319 1364
3319 1365
3319 3635
3319 3636
3320 1365
3320 3635
3321 1366
3321 3634
3322 1366
3322 1367
3322 3633
3322 3634
3323 1367
3323 1368
3323 3632
3323 3633
3324 1368
3324 3632
3325 1369
3325 3631
3326 1369
3326 1370
3326 3630
3326 3631
3327 1370
3327 1371
3327 3629
3327 3630
3328 1371
3328 3629
3329 1372
3329 3628
3330 1372
3330 1373
3330 3627
3330 3628
3331 1373
3331 1374
3331 3626
3331 3627
3332 1374
3332 3626
3333 1374
3333 1375
3333 3625
3333 3626
3334 1375
3334 1376
3334 3624
3334 3625
3335 1376
3335 1377
3335 3623
3335 3624
3336 1377
3336 3623
3337 1378
3337 3622
3338 1378
3338 1379
3338 3621
3338 3622
3339 1379
3339 3621
3340 1380
3340 3620
3341 1380
3341 1381
3341 3619
3341 3620
3342 1381
3342 1382
3342 3618
3342 3619
3343 1382
3343 1383
3343 3617
3343 3618
3344 1383
3344 3617
3345 1384
3345 3616
3346 1384
3346 1385
3346 3615
3346 3616
3347 1385
3347 3615
3348 1386
3348 3614
3349 1387
3349 3613
3350 1387
3350 1388
3350 3612
3350 3613
3351 1388
3351 1389
3351 3611
3351 3612
3352 1389
3352 3611
3353 1390
3353 3610
3354 1391
3354 3609
3355 1391
3355 3609
3356 1392
3356 3608
3357 1393
3357 3607
3358 1393
3358 1394
3358 3606
3358 3607
3359 1394
3359 1395
3359 3605
3359 3606
3360 1395
3360 1396
3360 3604
3360 3605
3361 1396
3361 3604
3362 1397
3362 3603
3363 1397
3363 1398
3363 3602
3363 3603
3364 1398
3364 1399
3364 3601
3364 3602
3365 1399
3365 1400
3365 3600
3365 3601
3366 1400
3366 3600
3367 1401
3367 3599
3368 1401
3368 1402
3368 3598
3368 3599
3369 1402
3369 3598
3370 1403
3370 3597
3371 1404
3371 3596
3372 1404
3372 1405
3372 3595
3372 3596
3373 1405
3373 1406
3373 3594
3373 3595
3374 1406
3374 1407
3374 3593
3374 3594
3375 1407
3375 3593
3376 1408
3376 3592
3377 1408
3377 1409
3377 3591
3377 3592
3378 1409
3378 1410
3378 3590
3378 3591
3379 1410
3379 1411
3379 3589
3379 3590
3380 1411
3380 3589
3381 1412
3381 3588
3382 1413
3382 3587
3383 1413
3383 1414
3383 3586
3383 3587
3384 1414
3384 1415
3384 3585
3384 3586
3385 1415
3385 1416
3385 3584
3385 3585
3386 1416
3386 3584
3387 1417
3387 3583
3388 1418
3388 3582
3389 1418
3389 1419
3389 3581
3389 3582
3390 1419
3390 1420
3390 3580
3390 3581
3391 1420
3391 3580
3392 1421
3392 3579
3393 1422
3393 3578
3394 1422
3394 1423
3394 3577
3394 3578
3395 1423
3395 1424
3395 3576
3395 3577
3396 1424
3396 1425
3396 3575
3396 3576
3397 1425
3397 3575
3398 1426
3398 3574
3399 1427
3399 3573
3400 1427
3400 1428
3400 3572
3400 3573
3401 1428
3401 1429
3401 3571
3401 3572
3402 1429
3402 1430
3402 3570
3402 3571
3403 1430
3403 3570
3404 1431
3404 3569
3405 1432
3405 3568
3406 1432
3406 1433
3406 3567
3406 3568
3407 1433
3407 1434
3407 3566
3407 3567
3408 1434
3408 1435
3408 3565
3408 3566
3409 1435
3409 3565
3410 1436
3410 3564
3411 1437
3411 3563
3412 1437
3412 1438
3412 3562
3412 3563
3413 1438
3413 1439
3413 3561
3413 3562
3414 1439
3414 1440
3414 3560
3414 3561
3415 1440
3415 1441
3415 3559
3415 3560
3416 1441
3416 1442
3416 3558
3416 3559
3417 1442
3417 3558
3418 1443
3418 3557
3419 1444
3419 3556
3420 1445
3420 3555
3421 1445
3421 1446
3421 3554
3421 3555
3422 1446
3422 1447
3422 3553
3422 3554
3423 1447
3423 1448
3423 3552
3423 3553
3424 1448
3424 3552
3425 1449
3425 3551
3426 1450
3426 3550
3427 1450
3427 1451
3427 3549
3427 3550
3428 1452
3428 3548
3429 1452
3429 1453
3429 3547
3429 3548
3430 1453
3430 1454
3430 3546
3430 3547
3431 1454
3431 1455
3431 3545
3431 3546
3432 1455
3432 1456
3432 3544
3432 3545
3433 1456
3433 3544
3434 1457
3434 3543
3435 1458
3435 3542
3436 1459
3436 3541
3437 1460
3437 3540
3438 1460
3438 1461
3438 3539
3438 3540
3439 1461
3439 1462
3439 3538
3439 3539
3440 1462
3440 1463
3440 3537
3440 3538
3441 1463
3441 1464
3441 3536
3441 3537
3442 1464
3442 3536
3443 1465
3443 1466
3443 3534
3443 3535
3444 1466
3444 1467
3444 3533
3444 3534
3445 1467
3445 3533
3446 1468
3446 3532
3447 1469
3447 3531
3448 1469
3448 1470
3448 3530
3448 3531
3449 1470
3449 1471
3449 3529
3449 3530
3450 1471
3450 1472
3450 3528
3450 3529
3451 1472
3451 1473
3451 3527
3451 3528
3452 1473
3452 1474
3452 3526
3452 3527
3453 1474
3453 1475
3453 3525
3453 3526
3454 1475
3454 1476
3454 3524
3454 3525
3455 1476
3455 1477
3455 3523
3455 3524
3456 1477
3456 1478
3456 3522
3456 3523
3457 1478
3457 3522
3458 1479
3458 3521
3459 1480
3459 3520
3460 1481
3460 3519
3461 1482
3461 3518
3462 1483
3462 3517
3463 1483
3463 1484
3463 3516
3463 3517
3464 1484
3464 1485
3464 3515
3464 3516
3465 1486
3465 3514
3466 1486
3466 1487
3466 3513
3466 3514
3467 1487
3467 1488
3467 3512
3467 3513
3468 1488
3468 1489
3468 3511
3468 3512
3469 1489
3469 1490
3469 3510
3469 3511
3470 1490
3470 1491
3470 3509
3470 3510
3471 1491
3471 1492
3471 3508
3471 3509
3472 1492
3472 1493
3472 3507
3472 3508
3473 1493
3473 1494
3473 3506
3473 3507
3474 1494
3474 1495
3474 3505
3474 3506
3475 1495
3475 1496
3475 3504
3475 3505
3476 1496
3476 1497
3476 3503
3476 3504
3477 1497
3477 3503
3478 1498
3478 1499
3478 3501
3478 3502
3479 1499
3479 1500
3479 3500
3479 3501
3480 1500
3480 3500
3481 1501
3481 1502
3481 3498
3481 3499
3482 1502
3482 1503
3482 3497
3482 3498
3483 1503
3483 3497
3484 1504
3484 3496
3485 1505
3485 1506
3485 3494
3485 3495
3486 1506
3486 3494
3487 1507
3487 3493
3488 1508
3488 1509
3488 3491
3488 3492
3489 1509
3489 3491
3490 1510
3490 3490
3491 1511
3491 3489
3492 1512
3492 1513
3492 3487
3492 3488
3493 1513
3493 3487
3494 1514
3494 3486
3495 1515
3495 1516
3495 3484
3495 3485
3496 1516
3496 3484
3497 1517
3497 3483
3498 1518
3498 1519
3498 3481
3498 3482
3499 1519
3499 1520
3499 3480
3499 3481
3500 1520
3500 3480
3501 1521
3501 1522
3501 3478
3501 3479
3502 1522
3502 1523
3502 3477
3502 3478
3503 1523
3503 3477
3504 1524
3504 1525
3504 3475
3504 3476
3505 1525
3505 1526
3505 3474
3505 3475
3506 1526
3506 1527
3506 3473
3506 3474
3507 1527
3507 1528
3507 3472
3507 3473
3508 1528
3508 1529
3508 3471
3508 3472
3509 1529
3509 1530
3509 3470
3509 3471
3510 1530
3510 1531
3510 3469
3510 3470
3511 1531
3511 1532
3511 3468
3511 3469
3512 1532
3512 1533
3512 3467
3512 3468
3513 1533
3513 1534
3513 3466
3513 3467
3514 1534
3514 1535
3514 3465
3514 3466
3515 1535
3515 1536
3515 3464
3515 3465
3516 1537
3516 3463
3517 1537
3517 1538
3517 3462
3517 3463
3518 1539
3518 3461
3519 1540
3519 3460
3520 1541
3520 3459
3521 1542
3521 3458
3522 1543
3522 3457
3523 1544
3523 1545
3523 3455
3523 3456
3524 1545
3524 1546
3524 3454
3524 3455
3525 1546
3525 1547
3525 3453
3525 3454
3526 1547
3526 1548
3526 3452
3526 3453
3527 1548
3527 1549
3527 3451
3527 3452
3528 1549
3528 1550
3528 3450
3528 3451
3529 1550
3529 1551
3529 3449
3529 3450
3530 1552
3530 3448
3531 1553
3531 3447
3532 1553
3532 1554
3532 3446
3532 3447
3533 1555
3533 3445
3534 1556
3534 1557
3534 3443
3534 3444
3535 1557
3535 1558
3535 3442
3535 3443
3536 1558
3536 1559
3536 3441
3536 3442
3537 1559
3537 1560
3537 3440
3537 3441
3538 1560
3538 1561
3538 3439
3538 3440
3539 1561
3539 1562
3539 3438
3539 3439
3540 1562
3540 1563
3540 3437
3540 3438
3541 1564
3541 3436
3542 1565
3542 1566
3542 3434
3542 3435
3543 1566
3543 3434
3544 1567
3544 3433
3545 1568
3545 1569
3545 3431
3545 3432
3546 1569
3546 1570
3546 3430
3546 3431
3547 1570
3547 1571
3547 3429
3547 3430
3548 1571
3548 1572
3548 3428
3548 3429
3549 1573
3549 3427
3550 1574
3550 1575
3550 3425
3550 3426
3551 1575
3551 1576
3551 3424
3551 3425
3552 1576
3552 3424
3553 1577
3553 1578
3553 3422
3553 3423
3554 1578
3554 1579
3554 3421
3554 3422
3555 1579
3555 1580
3555 3420
3555 3421
3556 1580
3556 1581
3556 3419
3556 3420
3557 1582
3557 3418
3558 1583
3558 1584
3558 3416
3558 3417
3559 1584
3559 1585
3559 3415
3559 3416
3560 1585
3560 1586
3560 3414
3560 3415
3561 1586
3561 1587
3561 3413
3561 3414
3562 1588
3562 3412
3563 1589
3563 3411
3564 1590
3564 3410
3565 1591
3565 1592
3565 3408
3565 3409
3566 1592
3566 1593
3566 3407
3566 3408
3567 1593
3567 1594
3567 3406
3567 3407
3568 1594
3568 1595
3568 3405
3568 3406
3569 1596
3569 3404
3570 1597
3570 1598
3570 3402
3570 3403
3571 1598
3571 1599
3571 3401
3571 3402
3572 1599
3572 1600
3572 3400
3572 3401
3573 1600
3573 1601
3573 3399
3573 3400
3574 1602
3574 3398
3575 1603
3575 1604
3575 3396
3575 3397
3576 1604
3576 1605
3576 3395
3576 3396
3577 1605
3577 1606
3577 3394
3577 3395
3578 1606
3578 1607
3578 3393
3578 3394
3579 1608
3579 3392
3580 1609
3580 1610
3580 3390
3580 3391
3581 1610
3581 1611
3581 3389
3581 3390
3582 1611
3582 1612
3582 3388
3582 3389
3583 1612
3583 1613
3583 3387
3583 3388
3584 1614
3584 3386
3585 1615
3585 1616
3585 3384
3585 3385
3586 1616
3586 1617
3586 3383
3586 3384
3587 1617
3587 1618
3587 3382
3587 3383
3588 1619
3588 3381
3589 1620
3589 1621
3589 3379
3589 3380
3590 1621
3590 1622
3590 3378
3590 3379
3591 1622
3591 1623
3591 3377
3591 3378
3592 1623
3592 1624
3592 3376
3592 3377
3593 1625
3593 3375
3594 1626
3594 1627
3594 3373
3594 3374
3595 1627
3595 1628
3595 3372
3595 3373
3596 1628
3596 1629
3596 1630
3596 3370
3596 3371
3596 3372
3597 1630
3597 1631
3597 3369
3597 3370
3598 1631
3598 1632
3598 3368
3598 3369
3599 1632
3599 1633
3599 3367
3599 3368
3600 1634
3600 3366
3601 1635
3601 1636
3601 3364
3601 3365
3602 1636
3602 1637
3602 3363
3602 3364
3603 1637
3603 1638
3603 3362
3603 3363
3604 1639
3604 3361
3605 1640
3605 1641
3605 3359
3605 3360
3606 1641
3606 1642
3606 3358
3606 3359
3607 1642
3607 1643
3607 1644
3607 3356
3607 3357
3607 3358
3608 1644
3608 1645
3608 3355
3608 3356
3609 1645
3609 1646
3609 3354
3609 3355
3610 1646
3610 1647
3610 3353
3610 3354
3611 1648
3611 1649
3611 3351
3611 3352
3612 1649
3612 1650
3612 3350
3612 3351
3613 1650
3613 1651
3613 3349
3613 3350
3614 1651
3614 1652
3614 1653
3614 3347
3614 3348
3614 3349
3615 1653
3615 1654
3615 3346
3615 3347
3616 1654
3616 1655
3616 3345
3616 3346
3617 1656
3617 3344
3618 1657
3618 1658
3618 3342
3618 3343
3619 1658
3619 1659
3619 3341
3619 3342
3620 1659
3620 1660
3620 1661
3620 3339
3620 3340
3620 3341
3621 1661
3621 1662
3621 3338
3621 3339
3622 1662
3622 1663
3622 3337
3622 3338
3623 1664
3623 3336
3624 1665
3624 1666
3624 3334
3624 3335
3625 1666
3625 1667
3625 3333
3625 3334
3626 1668
3626 1669
3626 3331
3626 3332
3627 1669
3627 1670
3627 3330
3627 3331
3628 1670
3628 1671
3628 3329
3628 3330
3629 1672
3629 3328
3630 1673
3630 1674
3630 3326
3630 3327
3631 1675
3631 3325
3632 1676
3632 1677
3632 3323
3632 3324
3633 1677
3633 1678
3633 3322
3633 3323
3634 1678
3634 1679
3634 1680
3634 3320
3634 3321
3634 3322
3635 1680
3635 1681
3635 3319
3635 3320
3636 1681
3636 1682
3636 3318
3636 3319
3637 1683
3637 1684
3637 3316
3637 3317
3638 1684
3638 1685
3638 3315
3638 3316
3639 1686
3639 3314
3640 1687
3640 1688
3640 3312
3640 3313
3641 1688
3641 1689
3641 3311
3641 3312
3642 1690
3642 1691
3642 3309
3642 3310
3643 1691
3643 1692
3643 3308
3643 3309
3644 1692
3644 1693
3644 1694
3644 3306
3644 3307
3644 3308
3645 1694
3645 1695
3645 3305
3645 3306
3646 1695
3646 1696
3646 3304
3646 3305
3647 1697
3647 1698
3647 3302
3647 3303
3648 1698
3648 1699
3648 3301
3648 3302
3649 1700
3649 1701
3649 3299
3649 3300
3650 1701
3650 1702
3650 3298
3650 3299
3651 1703
3651 1704
3651 3296
3651 3297
3652 1704
3652 1705
3652 3295
3652 3296
3653 1705
3653 1706
3653 1707
3653 3293
3653 3294
3653 3295
3654 1707
3654 1708
3654 3292
3654 3293
3655 1708
3655 1709
3655 3291
3655 3292
3656 1710
3656 1711
3656 3289
3656 3290
3657 1711
3657 1712
3657 3288
3657 3289
3658 1713
3658 1714
3658 3286
3658 3287
3659 1714
3659 1715
3659 3285
3659 3286
3660 1716
3660 1717
3660 3283
3660 3284
3661 1717
3661 1718
3661 3282
3661 3283
3662 1719
3662 1720
3662 3280
3662 3281
3663 1720
3663 1721
3663 3279
3663 3280
3664 1722
3664 1723
3664 3277
3664 3278
3665 1723
3665 1724
3665 3276
3665 3277
3666 1725
3666 1726
3666 3274
3666 3275
3667 1726
3667 1727
3667 3273
3667 3274
3668 1727
3668 1728
3668 1729
3668 3271
3668 3272
3668 3273
3669 1729
3669 1730
3669 3270
3669 3271
3670 1730
3670 1731
3670 1732
3670 3268
3670 3269
3670 3270
3671 1732
3671 1733
3671 3267
3671 3268
3672 1734
3672 1735
3672 3265
3672 3266
3673 1735
3673 1736
3673 3264
3673 3265
3674 1737
3674 1738
3674 3262
3674 3263
3675 1738
3675 1739
3675 3261
3675 3262
3676 1740
3676 1741
3676 3259
3676 3260
3677 1741
3677 1742
3677 3258
3677 3259
3678 1743
3678 1744
3678 3256
3678 3257
3679 1745
3679 3255
3680 1746
3680 1747
3680 3253
3680 3254
3681 1748
3681 1749
3681 3251
3681 3252
3682 1749
3682 1750
3682 3250
3682 3251
3683 1751
3683 1752
3683 3248
3683 3249
3684 1752
3684 1753
3684 3247
3684 3248
3685 1754
3685 1755
3685 3245
3685 3246
3686 1756
3686 3244
3687 1757
3687 1758
3687 3242
3687 3243
3688 1759
3688 1760
3688 3240
3688 3241
3689 1760
3689 1761
3689 3239
3689 3240
3690 1762
3690 1763
3690 3237
3690 3238
3691 1764
3691 1765
3691 3235
3691 3236
3692 1765
3692 1766
3692 3234
3692 3235
3693 1767
3693 1768
3693 3232
3693 3233
3694 1768
3694 1769
3694 1770
3694 3230
3694 3231
3694 3232
3695 1770
3695 1771
3695 3229
3695 3230
3696 1772
3696 1773
3696 3227
3696 3228
3697 1773
3697 1774
3697 1775
3697 3225
3697 3226
3697 3227
3698 1775
3698 1776
3698 3224
3698 3225
3699 1777
3699 1778
3699 3222
3699 3223
3700 1778
3700 1779
3700 1780
3700 3220
3700 3221
3700 3222
3701 1780
3701 1781
3701 3219
3701 3220
3702 1781
3702 1782
3702 1783
3702 3217
3702 3218
3702 3219
3703 1783
3703 1784
3703 1785
3703 3215
3703 3216
3703 3217
3704 1785
3704 1786
3704 3214
3704 3215
3705 1787
3705 1788
3705 3212
3705 3213
3706 1788
3706 1789
3706 1790
3706 3210
3706 3211
3706 3212
3707 1790
3707 1791
3707 3209
3707 3210
3708 1792
3708 1793
3708 3207
3708 3208
3709 1794
3709 1795
3709 3205
3709 3206
3710 1795
3710 1796
3710 3204
3710 3205
3711 1797
3711 1798
3711 3202
3711 3203
3712 1799
3712 1800
3712 3200
3712 3201
3713 1800
3713 1801
3713 1802
3713 3198
3713 3199
3713 3200
3714 1802
3714 1803
3714 3197
3714 3198
3715 1804
3715 1805
3715 3195
3715 3196
3716 1805
3716 1806
3716 1807
3716 3193
3716 3194
3716 3195
3717 1807
3717 1808
3717 1809
3717 3191
3717 3192
3717 3193
3718 1809
3718 1810
3718 3190
3718 3191
3719 1811
3719 1812
3719 3188
3719 3189
3720 1813
3720 1814
3720 3186
3720 3187
3721 1815
3721 1816
3721 3184
3721 3185
3722 1816
3722 1817
3722 1818
3722 3182
3722 3183
3722 3184
3723 1818
3723 1819
3723 3181
3723 3182
3724 1820
3724 1821
3724 3179
3724 3180
3725 1821
3725 1822
3725 1823
3725 3177
3725 3178
3725 3179
3726 1823
3726 1824
3726 1825
3726 3175
3726 3176
3726 3177
3727 1825
3727 1826
3727 3174
3727 3175
3728 1827
3728 1828
3728 3172
3728 3173
3729 1829
3729 1830
3729 3170
3729 3171
3730 1831
3730 1832
3730 3168
3730 3169
3731 1832
3731 1833
3731 1834
3731 3166
3731 3167
3731 3168
3732 1834
3732 1835
3732 1836
3732 3164
3732 3165
3732 3166
3733 1836
3733 1837
3733 3163
3733 3164
3734 1838
3734 1839
3734 3161
3734 3162
3735 1840
3735 1841
3735 3159
3735 3160
3736 1842
3736 1843
3736 3157
3736 3158
3737 1843
3737 1844
3737 1845
3737 3155
3737 3156
3737 3157
3738 1846
3738 1847
3738 3153
3738 3154
3739 1848
3739 1849
3739 3151
3739 3152
3740 1849
3740 1850
3740 1851
3740 3149
3740 3150
3740 3151
3741 1851
3741 1852
3741 1853
3741 3147
3741 3148
3741 3149
3742 1853
3742 1854
3742 1855
3742 3145
3742 3146
3742 3147
3743 1855
3743 1856
3743 3144
3743 3145
3744 1857
3744 1858
3744 3142
3744 3143
3745 1859
3745 1860
3745 1861
3745 3139
3745 3140
3745 3141
3746 1861
3746 1862
3746 1863
3746 3137
3746 3138
3746 3139
3747 1863
3747 1864
3747 3136
3747 3137
3748 1865
3748 1866
3748 3134
3748 3135
3749 1867
3749 1868
3749 3132
3749 3133
3750 1869
3750 1870
3750 3130
3750 3131
3751 1871
3751 1872
3751 3128
3751 3129
3752 1873
3752 1874
3752 3126
3752 3127
3753 1875
3753 1876
3753 3124
3753 3125
3754 1877
3754 1878
3754 3122
3754 3123
3755 1879
3755 1880
3755 3120
3755 3121
3756 1881
3756 1882
3756 3118
3756 3119
3757 1883
3757 1884
3757 1885
3757 3115
3757 3116
3757 3117
3758 1885
3758 1886
3758 3114
3758 3115
3759 1887
3759 1888
3759 3112
3759 3113
3760 1889
3760 1890
3760 1891
3760 3109
3760 3110
3760 3111
3761 1891
3761 1892
3761 1893
3761 3107
3761 3108
3761 3109
3762 1893
3762 1894
3762 1895
3762 3105
3762 3106
3762 3107
3763 1895
3763 1896
3763 1897
3763 3103
3763 3104
3763 3105
3764 1897
3764 1898
3764 1899
3764 3101
3764 3102
3764 3103
3765 1899
3765 1900
3765 1901
3765 3099
3765 3100
3765 3101
3766 1902
3766 1903
3766 3097
3766 3098
3767 1903
3767 1904
3767 1905
3767 3095
3767 3096
3767 3097
3768 1906
3768 1907
3768 3093
3768 3094
3769 1908
3769 1909
3769 1910
3769 3090
3769 3091
3769 3092
3770 1910
3770 1911
3770 3089
3770 3090
3771 1912
3771 1913
3771 1914
3771 3086
3771 3087
3771 3088
3772 1914
3772 1915
3772 1916
3772 3084
3772 3085
3772 3086
3773 1917
3773 1918
3773 3082
3773 3083
3774 1919
3774 1920
3774 1921
3774 3079
3774 3080
3774 3081
3775 1921
3775 1922
3775 3078
3775 3079
3776 1923
3776 1924
3776 1925
3776 3075
3776 3076
3776 3077
3777 1925
3777 1926
3777 1927
3777 3073
3777 3074
3777 3075
3778 1928
3778 1929
3778 3071
3778 3072
3779 1930
3779 1931
3779 3069
3779 3070
3780 1932
3780 1933
3780 1934
3780 3066
3780 3067
3780 3068
3781 1934
3781 1935
3781 1936
3781 3064
3781 3065
3781 3066
3782 1937
3782 1938
3782 3062
3782 3063
3783 1939
3783 1940
3783 1941
3783 3059
3783 3060
3783 3061
3784 1941
3784 1942
3784 1943
3784 3057
3784 3058
3784 3059
3785 1943
3785 1944
3785 1945
3785 3055
3785 3056
3785 3057
3786 1946
3786 1947
3786 3053
3786 3054
3787 1948
3787 1949
3787 1950
3787 3050
3787 3051
3787 3052
3788 1950
3788 1951
3788 1952
3788 3048
3788 3049
3788 3050
3789 1953
3789 1954
3789 1955
3789 3045
3789 3046
3789 3047
3790 1955
3790 1956
3790 1957
3790 3043
3790 3044
3790 3045
3791 1957
3791 1958
3791 1959
3791 3041
3791 3042
3791 3043
3792 1960
3792 1961
3792 1962
3792 3038
3792 3039
3792 3040
3793 1962
3793 1963
3793 1964
3793 3036
3793 3037
3793 3038
3794 1965
3794 1966
3794 1967
3794 3033
3794 3034
3794 3035
3795 1967
3795 1968
3795 1969
3795 3031
3795 3032
3795 3033
3796 1970
3796 1971
3796 3029
3796 3030
3797 1972
3797 1973
3797 1974
3797 3026
3797 3027
3797 3028
3798 1974
3798 1975
3798 1976
3798 3024
3798 3025
3798 3026
3799 1977
3799 1978
3799 1979
3799 3021
3799 3022
3799 3023
3800 1979
3800 1980
3800 1981
3800 3019
3800 3020
3800 3021
3801 1982
3801 1983
3801 1984
3801 3016
3801 3017
3801 3018
3802 1985
3802 1986
3802 1987
3802 3013
3802 3014
3802 3015
3803 1987
3803 1988
3803 1989
3803 3011
3803 3012
3803 3013
3804 1989
3804 1990
3804 1991
3804 3009
3804 3010
3804 3011
3805 1992
3805 1993
3805 1994
3805 3006
3805 3007
3805 3008
3806 1995
3806 1996
3806 1997
3806 3003
3806 3004
3806 3005
3807 1997
3807 1998
3807 1999
3807 3001
3807 3002
3807 3003
3808 2000
3808 2001
3808 2002
3808 2998
3808 2999
3808 3000
3809 2003
3809 2004
3809 2005
3809 2995
3809 2996
3809 2997
3810 2005
3810 2006
3810 2007
3810 2993
3810 2994
3810 2995
3811 2008
3811 2009
3811 2010
3811 2990
3811 2991
3811 2992
3812 2010
3812 2011
3812 2012
3812 2988
3812 2989
3812 2990
3813 2013
3813 2014
3813 2015
3813 2985
3813 2986
3813 2987
3814 2016
3814 2017
3814 2018
3814 2982
3814 2983
3814 2984
3815 2018
3815 2019
3815 2020
3815 2021
3815 2979
3815 2980
3815 2981
3815 2982
3816 2021
3816 2022
3816 2023
3816 2977
3816 2978
3816 2979
3817 2024
3817 2025
3817 2026
3817 2974
3817 2975
3817 2976
3818 2027
3818 2028
3818 2029
3818 2971
3818 2972
3818 2973
3819 2030
3819 2031
3819 2032
3819 2968
3819 2969
3819 2970
3820 2032
3820 2033
3820 2034
3820 2035
3820 2965
3820 2966
3820 2967
3820 2968
3821 2035
3821 2036
3821 2037
3821 2038
3821 2962
3821 2963
3821 2964
3821 2965
3822 2038
3822 2039
3822 2040
3822 2041
3822 2959
3822 2960
3822 2961
3822 2962
3823 2041
3823 2042
3823 2043
3823 2044
3823 2956
3823 2957
3823 2958
3823 2959
3824 2044
3824 2045
3824 2046
3824 2954
3824 2955
3824 2956
3825 2046
3825 2047
3825 2048
3825 2049
3825 2951
3825 2952
3825 2953
3825 2954
3826 2049
3826 2050
3826 2051
3826 2052
3826 2948
3826 2949
3826 2950
3826 2951
3827 2052
3827 2053
3827 2054
3827 2055
3827 2945
3827 2946
3827 2947
3827 2948
3828 2055
3828 2056
3828 2057
3828 2058
3828 2942
3828 2943
3828 2944
3828 2945
3829 2058
3829 2059
3829 2060
3829 2061
3829 2939
3829 2940
3829 2941
3829 2942
3830 2061
3830 2062
3830 2063
3830 2064
3830 2936
3830 2937
3830 2938
3830 2939
3831 2065
3831 2066
3831 2067
3831 2933
3831 2934
3831 2935
3832 2068
3832 2069
3832 2070
3832 2930
3832 2931
3832 2932
3833 2071
3833 2072
3833 2073
3833 2927
3833 2928
3833 2929
3834 2074
3834 2075
3834 2076
3834 2924
3834 2925
3834 2926
3835 2077
3835 2078
3835 2079
3835 2080
3835 2920
3835 2921
3835 2922
3835 2923
3836 2080
3836 2081
3836 2082
3836 2083
3836 2917
3836 2918
3836 2919
3836 2920
3837 2083
3837 2084
3837 2085
3837 2086
3837 2914
3837 2915
3837 2916
3837 2917
3838 2087
3838 2088
3838 2089
3838 2911
3838 2912
3838 2913
3839 2090
3839 2091
3839 2092
3839 2093
3839 2907
3839 2908
3839 2909
3839 2910
3840 2093
3840 2094
3840 2095
3840 2096
3840 2904
3840 2905
3840 2906
3840 2907
3841 2096
3841 2097
3841 2098
3841 2099
3841 2901
3841 2902
3841 2903
3841 2904
3842 2100
3842 2101
3842 2102
3842 2103
3842 2897
3842 2898
3842 2899
3842 2900
3843 2103
3843 2104
3843 2105
3843 2106
3843 2894
3843 2895
3843 2896
3843 2897
3844 2106
3844 2107
3844 2108
3844 2109
3844 2891
3844 2892
3844 2893
3844 2894
3845 2110
3845 2111
3845 2112
3845 2113
3845 2887
3845 2888
3845 2889
3845 2890
3846 2113
3846 2114
3846 2115
3846 2116
3846 2884
3846 2885
3846 2886
3846 2887
3847 2117
3847 2118
3847 2119
3847 2120
3847 2880
3847 2881
3847 2882
3847 2883
3848 2120
3848 2121
3848 2122
3848 2123
3848 2877
3848 2878
3848 2879
3848 2880
3849 2124
3849 2125
3849 2126
3849 2127
3849 2873
3849 2874
3849 2875
3849 2876
3850 2128
3850 2129
3850 2130
3850 2131
3850 2869
3850 2870
3850 2871
3850 2872
3851 2131
3851 2132
3851 2133
3851 2134
3851 2135
3851 2865
3851 2866
3851 2867
3851 2868
3851 2869
3852 2135
3852 2136
3852 2137
3852 2138
3852 2862
3852 2863
3852 2864
3852 2865
3853 2139
3853 2140
3853 2141
3853 2142
3853 2858
3853 2859
3853 2860
3853 2861
3854 2142
3854 2143
3854 2144
3854 2145
3854 2146
3854 2854
3854 2855
3854 2856
3854 2857
3854 2858
3855 2146
3855 2147
3855 2148
3855 2149
3855 2150
3855 2850
3855 2851
3855 2852
3855 2853
3855 2854
3856 2150
3856 2151
3856 2152
3856 2153
3856 2847
3856 2848
3856 2849
3856 2850
3857 2154
3857 2155
3857 2156
3857 2157
3857 2843
3857 2844
3857 2845
3857 2846
3858 2158
3858 2159
3858 2160
3858 2161
3858 2839
3858 2840
3858 2841
3858 2842
3859 2162
3859 2163
3859 2164
3859 2165
3859 2166
3859 2834
3859 2835
3859 2836
3859 2837
3859 2838
3860 2166
3860 2167
3860 2168
3860 2169
3860 2170
3860 2830
3860 2831
3860 2832
3860 2833
3860 2834
3861 2170
3861 2171
3861 2172
3861 2173
3861 2174
3861 2826
3861 2827
3861 2828
3861 2829
3861 2830
3862 2174
3862 2175
3862 2176
3862 2177
3862 2178
3862 2822
3862 2823
3862 2824
3862 2825
3862 2826
3863 2178
3863 2179
3863 2180
3863 2181
3863 2182
3863 2818
3863 2819
3863 2820
3863 2821
3863 2822
3864 2183
3864 2184
3864 2185
3864 2186
3864 2814
3864 2815
3864 2816
3864 2817
3865 2187
3865 2188
3865 2189
3865 2190
3865 2191
3865 2809
3865 2810
3865 2811
3865 2812
3865 2813
3866 2192
3866 2193
3866 2194
3866 2195
3866 2805
3866 2806
3866 2807
3866 2808
3867 2196
3867 2197
3867 2198
3867 2199
3867 2200
3867 2800
3867 2801
3867 2802
3867 2803
3867 2804
3868 2200
3868 2201
3868 2202
3868 2203
3868 2204
3868 2796
3868 2797
3868 2798
3868 2799
3868 2800
3869 2205
3869 2206
3869 2207
3869 2208
3869 2209
3869 2791
3869 2792
3869 2793
3869 2794
3869 2795
3870 2209
3870 2210
3870 2211
3870 2212
3870 2213
3870 2214
3870 2786
3870 2787
3870 2788
3870 2789
3870 2790
3870 2791
3871 2215
3871 2216
3871 2217
3871 2218
3871 2219
3871 2781
3871 2782
3871 2783
3871 2784
3871 2785
3872 2219
3872 2220
3872 2221
3872 2222
3872 2223
3872 2224
3872 2776
3872 2777
3872 2778
3872 2779
3872 2780
3872 2781
3873 2224
3873 2225
3873 2226
3873 2227
3873 2228
3873 2772
3873 2773
3873 2774
3873 2775
3873 2776
3874 2229
3874 2230
3874 2231
3874 2232
3874 2233
3874 2234
3874 2766
3874 2767
3874 2768
3874 2769
3874 2770
3874 2771
3875 2234
3875 2235
3875 2236
3875 2237
3875 2238
3875 2239
3875 2761
3875 2762
3875 2763
3875 2764
3875 2765
3875 2766
3876 2240
3876 2241
3876 2242
3876 2243
3876 2244
3876 2756
3876 2757
3876 2758
3876 2759
3876 2760
3877 2245
3877 2246
3877 2247
3877 2248
3877 2249
3877 2250
3877 2750
3877 2751
3877 2752
3877 2753
3877 2754
3877 2755
3878 2251
3878 2252
3878 2253
3878 2254
3878 2255
3878 2745
3878 2746
3878 2747
3878 2748
3878 2749
3879 2256
3879 2257
3879 2258
3879 2259
3879 2260
3879 2261
3879 2739
3879 2740
3879 2741
3879 2742
3879 2743
3879 2744
3880 2261
3880 2262
3880 2263
3880 2264
3880 2265
3880 2266
3880 2267
3880 2733
3880 2734
3880 2735
3880 2736
3880 2737
3880 2738
3880 2739
3881 2268
3881 2269
3881 2270
3881 2271
3881 2272
3881 2273
3881 2727
3881 2728
3881 2729
3881 2730
3881 2731
3881 2732
3882 2273
3882 2274
3882 2275
3882 2276
3882 2277
3882 2278
3882 2279
3882 2721
3882 2722
3882 2723
3882 2724
3882 2725
3882 2726
3882 2727
3883 2279
3883 2280
3883 2281
3883 2282
3883 2283
3883 2284
3883 2285
3883 2286
3883 2714
3883 2715
3883 2716
3883 2717
3883 2718
3883 2719
3883 2720
3883 2721
3884 2286
3884 2287
3884 2288
3884 2289
3884 2290
3884 2291
3884 2292
3884 2708
3884 2709
3884 2710
3884 2711
3884 2712
3884 2713
3884 2714
3885 2292
3885 2293
3885 2294
3885 2295
3885 2296
3885 2297
3885 2298
3885 2299
3885 2701
3885 2702
3885 2703
3885 2704
3885 2705
3885 2706
3885 2707
3885 2708
3886 2299
3886 2300
3886 2301
3886 2302
3886 2303
3886 2304
3886 2305
3886 2306
3886 2694
3886 2695
3886 2696
3886 2697
3886 2698
3886 2699
3886 2700
3886 2701
3887 2306
3887 2307
3887 2308
3887 2309
3887 2310
3887 2311
3887 2312
3887 2313
3887 2687
3887 2688
3887 2689
3887 2690
3887 2691
3887 2692
3887 2693
3887 2694
3888 2314
3888 2315
3888 2316
3888 2317
3888 2318
3888 2319
3888 2320
3888 2321
3888 2679
3888 2680
3888 2681
3888 2682
3888 2683
3888 2684
3888 2685
3888 2686
3889 2321
3889 2322
3889 2323
3889 2324
3889 2325
3889 2326
3889 2327
3889 2328
3889 2329
3889 2671
3889 2672
3889 2673
3889 2674
3889 2675
3889 2676
3889 2677
3889 2678
3889 2679
3890 2329
3890 2330
3890 2331
3890 2332
3890 2333
3890 2334
3890 2335
3890 2336
3890 2337
3890 2663
3890 2664
3890 2665
3890 2666
3890 2667
3890 2668
3890 2669
3890 2670
3890 2671
3891 2338
3891 2339
3891 2340
3891 2341
3891 2342
3891 2343
3891 2344
3891 2345
3891 2346
3891 2654
3891 2655
3891 2656
3891 2657
3891 2658
3891 2659
3891 2660
3891 2661
3891 2662
3892 2346
3892 2347
3892 2348
3892 2349
3892 2350
3892 2351
3892 2352
3892 2353
3892 2354
3892 2355
3892 2645
3892 2646
3892 2647
3892 2648
3892 2649
3892 2650
3892 2651
3892 2652
3892 2653
3892 2654
3893 2356
3893 2357
3893 2358
3893 2359
3893 2360
3893 2361
3893 2362
3893 2363
3893 2364
3893 2365
3893 2635
3893 2636
3893 2637
3893 2638
3893 2639
3893 2640
3893 2641
3893 2642
3893 2643
3893 2644
3894 2366
3894 2367
3894 2368
3894 2369
3894 2370
3894 2371
3894 2372
3894 2373
3894 2374
3894 2375
3894 2376
3894 2624
3894 2625
3894 2626
3894 2627
3894 2628
3894 2629
3894 2630
3894 2631
3894 2632
3894 2633
3894 2634
3895 2376
3895 2377
3895 2378
3895 2379
3895 2380
3895 2381
3895 2382
3895 2383
3895 2384
3895 2385
3895 2386
3895 2387
3895 2388
3895 2612
3895 2613
3895 2614
3895 2615
3895 2616
3895 2617
3895 2618
3895 2619
3895 2620
3895 2621
3895 2622
3895 2623
3895 2624
3896 2388
3896 2389
3896 2390
3896 2391
3896 2392
3896 2393
3896 2394
3896 2395
3896 2396
3896 2397
3896 2398
3896 2399
3896 2400
3896 2401
3896 2599
3896 2600
3896 2601
3896 2602
3896 2603
3896 2604
3896 2605
3896 2606
3896 2607
3896 2608
3896 2609
3896 2610
3896 2611
3896 2612
3897 2401
3897 2402
3897 2403
3897 2404
3897 2405
3897 2406
3897 2407
3897 2408
3897 2409
3897 2410
3897 2411
3897 2412
3897 2413
3897 2414
3897 2415
3897 2416
3897 2584
3897 2585
3897 2586
3897 2587
3897 2588
3897 2589
3897 2590
3897 2591
3897 2592
3897 2593
3897 2594
3897 2595
3897 2596
3897 2597
3897 2598
3897 2599
3898 2417
3898 2418
3898 2419
3898 2420
3898 2421
3898 2422
3898 2423
3898 2424
3898 2425
3898 2426
3898 2427
3898 2428
3898 2429
3898 2430
3898 2431
3898 2432
3898 2433
3898 2434
3898 2435
3898 2565
3898 2566
3898 2567
3898 2568
3898 2569
3898 2570
3898 2571
3898 2572
3898 2573
3898 2574
3898 2575
3898 2576
3898 2577
3898 2578
3898 2579
3898 2580
3898 2581
3898 2582
3898 2583
3899 2436
3899 2437
3899 2438
3899 2439
3899 2440
3899 2441
3899 2442
3899 2443
3899 2444
3899 2445
3899 2446
3899 2447
3899 2448
3899 2449
3899 2450
3899 2451
3899 2452
3899 2453
3899 2454
3899 2455
3899 2456
3899 2457
3899 2458
3899 2459
3899 2460
3899 2461
3899 2462
3899 2538
3899 2539
3899 2540
3899 2541
3899 2542
3899 2543
3899 2544
3899 2545
3899 2546
3899 2547
3899 2548
3899 2549
3899 2550
3899 2551
3899 2552
3899 2553
3899 2554
3899 2555
3899 2556
3899 2557
3899 2558
3899 2559
3899 2560
3899 2561
3899 2562
3899 2563
3899 2564
3900 2463
3900 2464
3900 2465
3900 2466
3900 2467
3900 2468
3900 2469
3900 2470
3900 2471
3900 2472
3900 2473
3900 2474
3900 2475
3900 2476
3900 2477
3900 2478
3900 2479
3900 2480
3900 2481
3900 2482
3900 2483
3900 2484
3900 2485
3900 2486
3900 2487
3900 2488
3900 2489
3900 2490
3900 2491
3900 2492
3900 2493
3900 2494
3900 2495
3900 2496
3900 2497
3900 2498
3900 2499
3900 2500
3900 2501
3900 2502
3900 2503
3900 2504
3900 2505
3900 2506
3900 2507
3900 2508
3900 2509
3900 2510
3900 2511
3900 2512
3900 2513
3900 2514
3900 2515
3900 2516
3900 2517
3900 2518
3900 2519
3900 2520
3900 2521
3900 2522
3900 2523
3900 2524
3900 2525
3900 2526
3900 2527
3900 2528
3900 2529
3900 2530
3900 2531
3900 2532
3900 2533
3900 2534
3900 2535
3900 2536
3900 2537
