n = 200
m = 200
h = 0.0050000000

# Scenario : anneaux
# Parametres : rayon=0.28, ep1=0.1, ep2=0.1
# Nombre de sources : 384

sources :
44 93
44 94
44 95
44 96
44 97
44 98
44 99
44 100
44 101
44 102
44 103
44 104
44 105
44 106
44 107
45 87
45 88
45 89
45 90
45 91
45 92
45 108
45 109
45 110
45 111
45 112
45 113
46 84
46 85
46 86
46 87
46 113
46 114
46 115
46 116
47 81
47 82
47 83
47 117
47 118
47 119
48 78
48 79
48 80
48 120
48 121
48 122
49 76
49 77
49 78
49 122
49 123
49 124
50 74
50 75
50 125
50 126
51 72
51 73
51 74
51 126
51 127
51 128
52 70
52 71
52 72
52 128
52 129
52 130
53 69
53 70
53 130
53 131
54 68
54 69
54 131
54 132
55 66
55 67
55 133
55 134
56 65
56 66
56 134
56 135
57 64
57 136
58 62
58 63
58 137
58 138
59 62
59 138
60 61
60 139
61 59
61 60
61 140
61 141
62 59
62 141
63 58
63 142
64 57
64 143
65 56
65 57
65 143
65 144
66 55
66 56
66 144
66 145
67 54
67 55
67 145
67 146
68 54
68 146
69 53
69 54
69 146
69 147
70 53
70 147
71 52
71 148
72 51
72 52
72 148
72 149
73 51
73 149
74 50
74 51
74 149
74 150
75 50
75 150
76 49
76 50
76 150
76 151
77 49
77 151
78 48
78 49
78 151
78 152
79 48
79 152
80 48
80 152
81 47
81 153
82 47
82 153
83 47
83 153
84 46
84 154
85 46
85 154
86 46
86 154
87 45
87 46
87 154
87 155
88 45
88 155
89 45
89 155
90 45
90 155
91 45
91 155
92 45
92 155
93 44
93 156
94 44
94 156
95 44
95 156
96 44
96 156
97 44
97 156
98 44
98 156
99 44
99 156
100 44
100 156
101 44
101 156
102 44
102 156
103 44
103 156
104 44
104 156
105 44
105 156
106 44
106 156
107 44
107 156
108 45
108 155
109 45
109 155
110 45
110 155
111 45
111 155
112 45
112 155
113 45
113 46
113 154
113 155
114 46
114 154
115 46
115 154
116 46
116 154
117 47
117 153
118 47
118 153
119 47
119 153
120 48
120 152
121 48
121 152
122 48
122 49
122 151
122 152
123 49
123 151
124 49
124 50
124 150
124 151
125 50
125 150
126 50
126 150
127 51
127 149
128 51
128 52
128 148
128 149
129 52
129 148
130 53
130 147
131 53
131 54
131 146
131 147
132 54
132 146
133 55
133 145
134 55
134 56
134 144
134 145
135 56
135 144
136 57
136 58
136 142
136 143
137 58
137 142
138 59
138 141
139 60
139 140
140 60
140 61
140 139
140 140
141 61
141 62
141 138
141 139
142 63
142 137
143 64
143 65
143 135
143 136
144 65
144 66
144 134
144 135
145 66
145 67
145 133
145 134
146 68
146 132
147 69
147 70
147 130
147 131
148 71
148 72
148 128
148 129
149 72
149 73
149 74
149 126
149 127
149 128
150 74
150 75
150 76
150 124
150 125
150 126
151 76
151 77
151 78
151 122
151 123
151 124
152 78
152 79
152 80
152 120
152 121
152 122
153 81
153 82
153 83
153 117
153 118
153 119
154 83
154 84
154 85
154 86
154 87
154 113
154 114
154 115
154 116
154 117
155 88
155 89
155 90
155 91
155 92
155 108
155 109
155 110
155 111
155 112
156 93
156 94
156 95
156 96
156 97
156 98
156 99
156 100
156 101
156 102
156 103
156 104
156 105
156 106
156 107
