n = 10000
m = 10000
h = 0.0001000000

# Scenario : ligne
# Parametres : angle=-20, longueur=0.5, hauteur=0.15, decalage=0.1
# Nombre de sources : 4957

sources:
3121 5684
3122 5683
3122 5684
3123 5683
3124 5683
3125 5682
3125 5683
3126 5682
3127 5682
3128 5681
3128 5682
3129 5681
3130 5680
3130 5681
3131 5680
3132 5680
3133 5679
3133 5680
3134 5679
3135 5679
3136 5678
3136 5679
3137 5678
3138 5678
3139 5677
3140 5677
3141 5676
3141 5677
3142 5676
3143 5676
3144 5675
3144 5676
3145 5675
3146 5675
3147 5674
3147 5675
3148 5674
3149 5674
3150 5673
3150 5674
3151 5673
3152 5672
3152 5673
3153 5672
3154 5672
3155 5671
3155 5672
3156 5671
3157 5671
3158 5670
3158 5671
3159 5670
3160 5670
3161 5669
3161 5670
3162 5669
3163 5668
3163 5669
3164 5668
3165 5668
3166 5667
3166 5668
3167 5667
3168 5667
3169 5666
3169 5667
3170 5666
3171 5666
3172 5665
3173 5665
3174 5664
3174 5665
3175 5664
3176 5664
3177 5663
3177 5664
3178 5663
3179 5663
3180 5662
3180 5663
3181 5662
3182 5662
3183 5661
3183 5662
3184 5661
3185 5660
3185 5661
3186 5660
3187 5660
3188 5659
3188 5660
3189 5659
3190 5659
3191 5658
3191 5659
3192 5658
3193 5658
3194 5657
3195 5657
3196 5656
3196 5657
3197 5656
3198 5656
3199 5655
3199 5656
3200 5655
3201 5655
3202 5654
3202 5655
3203 5654
3204 5654
3205 5653
3206 5653
3207 5652
3207 5653
3208 5652
3209 5652
3210 5651
3210 5652
3211 5651
3212 5651
3213 5650
3213 5651
3214 5650
3215 5650
3216 5649
3217 5649
3218 5648
3218 5649
3219 5648
3220 5648
3221 5647
3221 5648
3222 5647
3223 5647
3224 5646
3224 5647
3225 5646
3226 5646
3227 5645
3228 5645
3229 5644
3229 5645
3230 5644
3231 5644
3232 5643
3232 5644
3233 5643
3234 5643
3235 5642
3235 5643
3236 5642
3237 5642
3238 5641
3239 5641
3240 5640
3240 5641
3241 5640
3242 5640
3243 5639
3243 5640
3244 5639
3245 5639
3246 5638
3246 5639
3247 5638
3248 5638
3249 5637
3250 5637
3251 5636
3251 5637
3252 5636
3253 5636
3254 5635
3254 5636
3255 5635
3256 5635
3257 5634
3257 5635
3258 5634
3259 5634
3260 5633
3261 5633
3262 5632
3262 5633
3263 5632
3264 5632
3265 5631
3265 5632
3266 5631
3267 5631
3268 5630
3268 5631
3269 5630
3270 5629
3270 5630
3271 5629
3272 5629
3273 5628
3273 5629
3274 5628
3275 5628
3276 5627
3276 5628
3277 5627
3278 5627
3279 5626
3279 5627
3280 5626
3281 5626
3282 5625
3283 5625
3284 5624
3284 5625
3285 5624
3286 5624
3287 5623
3287 5624
3288 5623
3289 5623
3290 5622
3290 5623
3291 5622
3292 5621
3292 5622
3293 5621
3294 5621
3295 5620
3295 5621
3296 5620
3297 5620
3298 5619
3298 5620
3299 5619
3300 5619
3301 5618
3301 5619
3302 5618
3303 5618
3304 5617
3305 5617
3306 5616
3306 5617
3307 5616
3308 5616
3309 5615
3309 5616
3310 5615
3311 5615
3312 5614
3312 5615
3313 5614
3314 5613
3314 5614
3315 5613
3316 5613
3317 5612
3317 5613
3318 5612
3319 5612
3320 5611
3320 5612
3321 5611
3322 5611
3323 5610
3323 5611
3324 5610
3325 5609
3325 5610
3326 5609
3327 5609
3328 5608
3328 5609
3329 5608
3330 5608
3331 5607
3331 5608
3332 5607
3333 5607
3334 5606
3334 5607
3335 5606
3336 5606
3337 5605
3338 5605
3339 5604
3339 5605
3340 5604
3341 5604
3342 5603
3342 5604
3343 5603
3344 5603
3345 5602
3345 5603
3346 5602
3347 5601
3347 5602
3348 5601
3349 5601
3350 5600
3350 5601
3351 5600
3352 5600
3353 5599
3353 5600
3354 5599
3355 5599
3356 5598
3356 5599
3357 5598
3358 5597
3358 5598
3359 5597
3360 5597
3361 5596
3361 5597
3362 5596
3363 5596
3364 5595
3364 5596
3365 5595
3366 5595
3367 5594
3367 5595
3368 5594
3369 5593
3369 5594
3370 5593
3371 5593
3372 5592
3372 5593
3373 5592
3374 5592
3375 5591
3375 5592
3376 5591
3377 5591
3378 5590
3378 5591
3379 5590
3380 5589
3380 5590
3381 5589
3382 5589
3383 5588
3383 5589
3384 5588
3385 5588
3386 5587
3386 5588
3387 5587
3388 5587
3389 5586
3389 5587
3390 5586
3391 5585
3391 5586
3392 5585
3393 5585
3394 5584
3394 5585
3395 5584
3396 5584
3397 5583
3397 5584
3398 5583
3399 5583
3400 5582
3400 5583
3401 5582
3402 5581
3402 5582
3403 5581
3404 5581
3405 5580
3405 5581
3406 5580
3407 5580
3408 5579
3408 5580
3409 5579
3410 5579
3411 5578
3411 5579
3412 5578
3413 5577
3413 5578
3414 5577
3415 5577
3416 5576
3416 5577
3417 5576
3418 5576
3419 5575
3419 5576
3420 5575
3421 5575
3422 5574
3422 5575
3423 5574
3424 5573
3424 5574
3425 5573
3426 5573
3427 5572
3427 5573
3428 5572
3429 5572
3430 5571
3430 5572
3431 5571
3432 5571
3433 5570
3434 5570
3435 5569
3435 5570
3436 5569
3437 5569
3438 5568
3438 5569
3439 5568
3440 5568
3441 5567
3441 5568
3442 5567
3443 5567
3444 5566
3444 5567
3445 5566
3446 5565
3446 5566
3447 5565
3448 5565
3449 5564
3449 5565
3450 5564
3451 5564
3452 5563
3452 5564
3453 5563
3454 5563
3455 5562
3456 5562
3457 5561
3457 5562
3458 5561
3459 5561
3460 5560
3460 5561
3461 5560
3462 5560
3463 5559
3463 5560
3464 5559
3465 5559
3466 5558
3467 5558
3468 5557
3468 5558
3469 5557
3470 5557
3471 5556
3471 5557
3472 5556
3473 5556
3474 5555
3474 5556
3475 5555
3476 5555
3477 5554
3477 5555
3478 5554
3479 5553
3479 5554
3480 5553
3481 5553
3482 5552
3482 5553
3483 5552
3484 5552
3485 5551
3485 5552
3486 5551
3487 5551
3488 5550
3489 5550
3490 5549
3490 5550
3491 5549
3492 5549
3493 5548
3493 5549
3494 5548
3495 5548
3496 5547
3496 5548
3497 5547
3498 5547
3499 5546
3500 5546
3501 5545
3501 5546
3502 5545
3503 5545
3504 5544
3504 5545
3505 5544
3506 5544
3507 5543
3507 5544
3508 5543
3509 5543
3510 5542
3511 5542
3512 5541
3512 5542
3513 5541
3514 5541
3515 5540
3515 5541
3516 5540
3517 5540
3518 5539
3518 5540
3519 5539
3520 5539
3521 5538
3522 5538
3523 5537
3523 5538
3524 5537
3525 5537
3526 5536
3526 5537
3527 5536
3528 5536
3529 5535
3529 5536
3530 5535
3531 5534
3531 5535
3532 5534
3533 5534
3534 5533
3534 5534
3535 5533
3536 5533
3537 5532
3537 5533
3538 5532
3539 5532
3540 5531
3540 5532
3541 5531
3542 5531
3543 5530
3544 5530
3545 5529
3545 5530
3546 5529
3547 5529
3548 5528
3548 5529
3549 5528
3550 5528
3551 5527
3551 5528
3552 5527
3553 5526
3553 5527
3554 5526
3555 5526
3556 5525
3556 5526
3557 5525
3558 5525
3559 5524
3559 5525
3560 5524
3561 5524
3562 5523
3562 5524
3563 5523
3564 5523
3565 5522
3566 5522
3567 5521
3567 5522
3568 5521
3569 5521
3570 5520
3570 5521
3571 5520
3572 5520
3573 5519
3573 5520
3574 5519
3575 5519
3576 5518
3577 5518
3578 5517
3578 5518
3579 5517
3580 5517
3581 5516
3581 5517
3582 5516
3583 5516
3584 5515
3584 5516
3585 5515
3586 5514
3586 5515
3587 5514
3588 5514
3589 5513
3589 5514
3590 5513
3591 5513
3592 5512
3592 5513
3593 5512
3594 5512
3595 5511
3595 5512
3596 5511
3597 5511
3598 5510
3599 5510
3600 5509
3600 5510
3601 5509
3602 5509
3603 5508
3603 5509
3604 5508
3605 5508
3606 5507
3606 5508
3607 5507
3608 5506
3608 5507
3609 5506
3610 5506
3611 5505
3611 5506
3612 5505
3613 5505
3614 5504
3614 5505
3615 5504
3616 5504
3617 5503
3617 5504
3618 5503
3619 5502
3619 5503
3620 5502
3621 5502
3622 5501
3622 5502
3623 5501
3624 5501
3625 5500
3625 5501
3626 5500
3627 5500
3628 5499
3628 5500
3629 5499
3630 5498
3630 5499
3631 5498
3632 5498
3633 5497
3633 5498
3634 5497
3635 5497
3636 5496
3636 5497
3637 5496
3638 5496
3639 5495
3639 5496
3640 5495
3641 5494
3641 5495
3642 5494
3643 5494
3644 5493
3644 5494
3645 5493
3646 5493
3647 5492
3647 5493
3648 5492
3649 5492
3650 5491
3650 5492
3651 5491
3652 5490
3652 5491
3653 5490
3654 5490
3655 5489
3655 5490
3656 5489
3657 5489
3658 5488
3658 5489
3659 5488
3660 5488
3661 5487
3661 5488
3662 5487
3663 5486
3663 5487
3664 5486
3665 5486
3666 5485
3666 5486
3667 5485
3668 5485
3669 5484
3669 5485
3670 5484
3671 5484
3672 5483
3672 5484
3673 5483
3674 5482
3674 5483
3675 5482
3676 5482
3677 5481
3677 5482
3678 5481
3679 5481
3680 5480
3680 5481
3681 5480
3682 5480
3683 5479
3683 5480
3684 5479
3685 5478
3685 5479
3686 5478
3687 5478
3688 5477
3688 5478
3689 5477
3690 5477
3691 5476
3691 5477
3692 5476
3693 5476
3694 5475
3695 5475
3696 5474
3696 5475
3697 5474
3698 5474
3699 5473
3699 5474
3700 5473
3701 5473
3702 5472
3702 5473
3703 5472
3704 5472
3705 5471
3705 5472
3706 5471
3707 5470
3707 5471
3708 5470
3709 5470
3710 5469
3710 5470
3711 5469
3712 5469
3713 5468
3713 5469
3714 5468
3715 5468
3716 5467
3717 5467
3718 5466
3718 5467
3719 5466
3720 5466
3721 5465
3721 5466
3722 5465
3723 5465
3724 5464
3724 5465
3725 5464
3726 5464
3727 5463
3728 5463
3729 5462
3729 5463
3730 5462
3731 5462
3732 5461
3732 5462
3733 5461
3734 5461
3735 5460
3735 5461
3736 5460
3737 5460
3738 5459
3738 5460
3739 5459
3740 5458
3740 5459
3741 5458
3742 5458
3743 5457
3743 5458
3744 5457
3745 5457
3746 5456
3746 5457
3747 5456
3748 5456
3749 5455
3750 5455
3751 5454
3751 5455
3752 5454
3753 5454
3754 5453
3754 5454
3755 5453
3756 5453
3757 5452
3757 5453
3758 5452
3759 5452
3760 5451
3761 5451
3762 5450
3762 5451
3763 5450
3764 5450
3765 5449
3765 5450
3766 5449
3767 5449
3768 5448
3768 5449
3769 5448
3770 5448
3771 5447
3772 5447
3773 5446
3773 5447
3774 5446
3775 5446
3776 5445
3776 5446
3777 5445
3778 5445
3779 5444
3779 5445
3780 5444
3781 5444
3782 5443
3783 5443
3784 5442
3784 5443
3785 5442
3786 5442
3787 5441
3787 5442
3788 5441
3789 5441
3790 5440
3790 5441
3791 5440
3792 5439
3792 5440
3793 5439
3794 5439
3795 5438
3795 5439
3796 5438
3797 5438
3798 5437
3798 5438
3799 5437
3800 5437
3801 5436
3801 5437
3802 5436
3803 5436
3804 5435
3805 5435
3806 5434
3806 5435
3807 5434
3808 5434
3809 5433
3809 5434
3810 5433
3811 5433
3812 5432
3812 5433
3813 5432
3814 5432
3815 5431
3816 5431
3817 5430
3817 5431
3818 5430
3819 5430
3820 5429
3820 5430
3821 5429
3822 5429
3823 5428
3823 5429
3824 5428
3825 5428
3826 5427
3827 5427
3828 5426
3828 5427
3829 5426
3830 5426
3831 5425
3831 5426
3832 5425
3833 5425
3834 5424
3834 5425
3835 5424
3836 5424
3837 5423
3838 5423
3839 5422
3839 5423
3840 5422
3841 5422
3842 5421
3842 5422
3843 5421
3844 5421
3845 5420
3845 5421
3846 5420
3847 5419
3847 5420
3848 5419
3849 5419
3850 5418
3850 5419
3851 5418
3852 5418
3853 5417
3853 5418
3854 5417
3855 5417
3856 5416
3856 5417
3857 5416
3858 5416
3859 5415
3860 5415
3861 5414
3861 5415
3862 5414
3863 5414
3864 5413
3864 5414
3865 5413
3866 5413
3867 5412
3867 5413
3868 5412
3869 5411
3869 5412
3870 5411
3871 5411
3872 5410
3872 5411
3873 5410
3874 5410
3875 5409
3875 5410
3876 5409
3877 5409
3878 5408
3878 5409
3879 5408
3880 5407
3880 5408
3881 5407
3882 5407
3883 5406
3883 5407
3884 5406
3885 5406
3886 5405
3886 5406
3887 5405
3888 5405
3889 5404
3889 5405
3890 5404
3891 5403
3891 5404
3892 5403
3893 5403
3894 5402
3894 5403
3895 5402
3896 5402
3897 5401
3897 5402
3898 5401
3899 5401
3900 5400
3900 5401
3901 5400
3902 5399
3902 5400
3903 5399
3904 5399
3905 5398
3905 5399
3906 5398
3907 5398
3908 5397
3908 5398
3909 5397
3910 5397
3911 5396
3911 5397
3912 5396
3913 5395
3913 5396
3914 5395
3915 5395
3916 5394
3916 5395
3917 5394
3918 5394
3919 5393
3919 5394
3920 5393
3921 5393
3922 5392
3922 5393
3923 5392
3924 5391
3924 5392
3925 5391
3926 5391
3927 5390
3927 5391
3928 5390
3929 5390
3930 5389
3930 5390
3931 5389
3932 5389
3933 5388
3933 5389
3934 5388
3935 5387
3935 5388
3936 5387
3937 5387
3938 5386
3938 5387
3939 5386
3940 5386
3941 5385
3941 5386
3942 5385
3943 5385
3944 5384
3944 5385
3945 5384
3946 5383
3946 5384
3947 5383
3948 5383
3949 5382
3949 5383
3950 5382
3951 5382
3952 5381
3952 5382
3953 5381
3954 5381
3955 5380
3956 5380
3957 5379
3957 5380
3958 5379
3959 5379
3960 5378
3960 5379
3961 5378
3962 5378
3963 5377
3963 5378
3964 5377
3965 5377
3966 5376
3966 5377
3967 5376
3968 5375
3968 5376
3969 5375
3970 5375
3971 5374
3971 5375
3972 5374
3973 5374
3974 5373
3974 5374
3975 5373
3976 5373
3977 5372
3977 5373
3978 5372
3979 5371
3979 5372
3980 5371
3981 5371
3982 5370
3982 5371
3983 5370
3984 5370
3985 5369
3985 5370
3986 5369
3987 5369
3988 5368
3989 5368
3990 5367
3990 5368
3991 5367
3992 5367
3993 5366
3993 5367
3994 5366
3995 5366
3996 5365
3996 5366
3997 5365
3998 5365
3999 5364
3999 5365
4000 5364
4001 5363
4001 5364
4002 5363
4003 5363
4004 5362
4004 5363
4005 5362
4006 5362
4007 5361
4007 5362
4008 5361
4009 5361
4010 5360
4011 5360
4012 5359
4012 5360
4013 5359
4014 5359
4015 5358
4015 5359
4016 5358
4017 5358
4018 5357
4018 5358
4019 5357
4020 5357
4021 5356
4022 5356
4023 5355
4023 5356
4024 5355
4025 5355
4026 5354
4026 5355
4027 5354
4028 5354
4029 5353
4029 5354
4030 5353
4031 5353
4032 5352
4033 5352
4034 5351
4034 5352
4035 5351
4036 5351
4037 5350
4037 5351
4038 5350
4039 5350
4040 5349
4040 5350
4041 5349
4042 5349
4043 5348
4044 5348
4045 5347
4045 5348
4046 5347
4047 5347
4048 5346
4048 5347
4049 5346
4050 5346
4051 5345
4051 5346
4052 5345
4053 5344
4053 5345
4054 5344
4055 5344
4056 5343
4056 5344
4057 5343
4058 5343
4059 5342
4059 5343
4060 5342
4061 5342
4062 5341
4062 5342
4063 5341
4064 5341
4065 5340
4066 5340
4067 5339
4067 5340
4068 5339
4069 5339
4070 5338
4070 5339
4071 5338
4072 5338
4073 5337
4073 5338
4074 5337
4075 5337
4076 5336
4077 5336
4078 5335
4078 5336
4079 5335
4080 5335
4081 5334
4081 5335
4082 5334
4083 5334
4084 5333
4084 5334
4085 5333
4086 5333
4087 5332
4088 5332
4089 5331
4089 5332
4090 5331
4091 5331
4092 5330
4092 5331
4093 5330
4094 5330
4095 5329
4095 5330
4096 5329
4097 5329
4098 5328
4099 5328
4100 5327
4100 5328
4101 5327
4102 5327
4103 5326
4103 5327
4104 5326
4105 5326
4106 5325
4106 5326
4107 5325
4108 5324
4108 5325
4109 5324
4110 5324
4111 5323
4111 5324
4112 5323
4113 5323
4114 5322
4114 5323
4115 5322
4116 5322
4117 5321
4117 5322
4118 5321
4119 5321
4120 5320
4121 5320
4122 5319
4122 5320
4123 5319
4124 5319
4125 5318
4125 5319
4126 5318
4127 5318
4128 5317
4128 5318
4129 5317
4130 5316
4130 5317
4131 5316
4132 5316
4133 5315
4133 5316
4134 5315
4135 5315
4136 5314
4136 5315
4137 5314
4138 5314
4139 5313
4139 5314
4140 5313
4141 5312
4141 5313
4142 5312
4143 5312
4144 5311
4144 5312
4145 5311
4146 5311
4147 5310
4147 5311
4148 5310
4149 5310
4150 5309
4150 5310
4151 5309
4152 5309
4153 5308
4154 5308
4155 5307
4155 5308
4156 5307
4157 5307
4158 5306
4158 5307
4159 5306
4160 5306
4161 5305
4161 5306
4162 5305
4163 5304
4163 5305
4164 5304
4165 5304
4166 5303
4166 5304
4167 5303
4168 5303
4169 5302
4169 5303
4170 5302
4171 5302
4172 5301
4172 5302
4173 5301
4174 5300
4174 5301
4175 5300
4176 5300
4177 5299
4177 5300
4178 5299
4179 5299
4180 5298
4180 5299
4181 5298
4182 5298
4183 5297
4183 5298
4184 5297
4185 5296
4185 5297
4186 5296
4187 5296
4188 5295
4188 5296
4189 5295
4190 5295
4191 5294
4191 5295
4192 5294
4193 5294
4194 5293
4194 5294
4195 5293
4196 5292
4196 5293
4197 5292
4198 5292
4199 5291
4199 5292
4200 5291
4201 5291
4202 5290
4202 5291
4203 5290
4204 5290
4205 5289
4205 5290
4206 5289
4207 5288
4207 5289
4208 5288
4209 5288
4210 5287
4210 5288
4211 5287
4212 5287
4213 5286
4213 5287
4214 5286
4215 5286
4216 5285
4216 5286
4217 5285
4218 5284
4218 5285
4219 5284
4220 5284
4221 5283
4221 5284
4222 5283
4223 5283
4224 5282
4224 5283
4225 5282
4226 5282
4227 5281
4227 5282
4228 5281
4229 5280
4229 5281
4230 5280
4231 5280
4232 5279
4232 5280
4233 5279
4234 5279
4235 5278
4235 5279
4236 5278
4237 5278
4238 5277
4238 5278
4239 5277
4240 5276
4240 5277
4241 5276
4242 5276
4243 5275
4243 5276
4244 5275
4245 5275
4246 5274
4246 5275
4247 5274
4248 5274
4249 5273
4250 5273
4251 5272
4251 5273
4252 5272
4253 5272
4254 5271
4254 5272
4255 5271
4256 5271
4257 5270
4257 5271
4258 5270
4259 5270
4260 5269
4260 5270
4261 5269
4262 5268
4262 5269
4263 5268
4264 5268
4265 5267
4265 5268
4266 5267
4267 5267
4268 5266
4268 5267
4269 5266
4270 5266
4271 5265
4272 5265
4273 5264
4273 5265
4274 5264
4275 5264
4276 5263
4276 5264
4277 5263
4278 5263
4279 5262
4279 5263
4280 5262
4281 5262
4282 5261
4283 5261
4284 5260
4284 5261
4285 5260
4286 5260
4287 5259
4287 5260
4288 5259
4289 5259
4290 5258
4290 5259
4291 5258
4292 5258
4293 5257
4294 5257
4295 5256
4295 5257
4296 5256
4297 5256
4298 5255
4298 5256
4299 5255
4300 5255
4301 5254
4301 5255
4302 5254
4303 5254
4304 5253
4305 5253
4306 5252
4306 5253
4307 5252
4308 5252
4309 5251
4309 5252
4310 5251
4311 5251
4312 5250
4312 5251
4313 5250
4314 5250
4315 5249
4316 5249
4317 5248
4317 5249
4318 5248
4319 5248
4320 5247
4320 5248
4321 5247
4322 5247
4323 5246
4323 5247
4324 5246
4325 5246
4326 5245
4327 5245
4328 5244
4328 5245
4329 5244
4330 5244
4331 5243
4331 5244
4332 5243
4333 5243
4334 5242
4334 5243
4335 5242
4336 5242
4337 5241
4338 5241
4339 5240
4339 5241
4340 5240
4341 5240
4342 5239
4342 5240
4343 5239
4344 5239
4345 5238
4345 5239
4346 5238
4347 5238
4348 5237
4349 5237
4350 5236
4350 5237
4351 5236
4352 5236
4353 5235
4353 5236
4354 5235
4355 5235
4356 5234
4356 5235
4357 5234
4358 5234
4359 5233
4360 5233
4361 5232
4361 5233
4362 5232
4363 5232
4364 5231
4364 5232
4365 5231
4366 5231
4367 5230
4367 5231
4368 5230
4369 5229
4369 5230
4370 5229
4371 5229
4372 5228
4372 5229
4373 5228
4374 5228
4375 5227
4375 5228
4376 5227
4377 5227
4378 5226
4378 5227
4379 5226
4380 5226
4381 5225
4382 5225
4383 5224
4383 5225
4384 5224
4385 5224
4386 5223
4386 5224
4387 5223
4388 5223
4389 5222
4389 5223
4390 5222
4391 5222
4392 5221
4393 5221
4394 5220
4394 5221
4395 5220
4396 5220
4397 5219
4397 5220
4398 5219
4399 5219
4400 5218
4400 5219
4401 5218
4402 5217
4402 5218
4403 5217
4404 5217
4405 5216
4405 5217
4406 5216
4407 5216
4408 5215
4408 5216
4409 5215
4410 5215
4411 5214
4411 5215
4412 5214
4413 5214
4414 5213
4415 5213
4416 5212
4416 5213
4417 5212
4418 5212
4419 5211
4419 5212
4420 5211
4421 5211
4422 5210
4422 5211
4423 5210
4424 5209
4424 5210
4425 5209
4426 5209
4427 5208
4427 5209
4428 5208
4429 5208
4430 5207
4430 5208
4431 5207
4432 5207
4433 5206
4433 5207
4434 5206
4435 5205
4435 5206
4436 5205
4437 5205
4438 5204
4438 5205
4439 5204
4440 5204
4441 5203
4441 5204
4442 5203
4443 5203
4444 5202
4444 5203
4445 5202
4446 5201
4446 5202
4447 5201
4448 5201
4449 5200
4449 5201
4450 5200
4451 5200
4452 5199
4452 5200
4453 5199
4454 5199
4455 5198
4455 5199
4456 5198
4457 5197
4457 5198
4458 5197
4459 5197
4460 5196
4460 5197
4461 5196
4462 5196
4463 5195
4463 5196
4464 5195
4465 5195
4466 5194
4466 5195
4467 5194
4468 5193
4468 5194
4469 5193
4470 5193
4471 5192
4471 5193
4472 5192
4473 5192
4474 5191
4474 5192
4475 5191
4476 5191
4477 5190
4477 5191
4478 5190
4479 5189
4479 5190
4480 5189
4481 5189
4482 5188
4482 5189
4483 5188
4484 5188
4485 5187
4485 5188
4486 5187
4487 5187
4488 5186
4488 5187
4489 5186
4490 5185
4490 5186
4491 5185
4492 5185
4493 5184
4493 5185
4494 5184
4495 5184
4496 5183
4496 5184
4497 5183
4498 5183
4499 5182
4499 5183
4500 5182
4501 5181
4501 5182
4502 5181
4503 5181
4504 5180
4504 5181
4505 5180
4506 5180
4507 5179
4507 5180
4508 5179
4509 5179
4510 5178
4511 5178
4512 5177
4512 5178
4513 5177
4514 5177
4515 5176
4515 5177
4516 5176
4517 5176
4518 5175
4518 5176
4519 5175
4520 5175
4521 5174
4521 5175
4522 5174
4523 5173
4523 5174
4524 5173
4525 5173
4526 5172
4526 5173
4527 5172
4528 5172
4529 5171
4529 5172
4530 5171
4531 5171
4532 5170
4533 5170
4534 5169
4534 5170
4535 5169
4536 5169
4537 5168
4537 5169
4538 5168
4539 5168
4540 5167
4540 5168
4541 5167
4542 5167
4543 5166
4544 5166
4545 5165
4545 5166
4546 5165
4547 5165
4548 5164
4548 5165
4549 5164
4550 5164
4551 5163
4551 5164
4552 5163
4553 5163
4554 5162
4554 5163
4555 5162
4556 5161
4556 5162
4557 5161
4558 5161
4559 5160
4559 5161
4560 5160
4561 5160
4562 5159
4562 5160
4563 5159
4564 5159
4565 5158
4566 5158
4567 5157
4567 5158
4568 5157
4569 5157
4570 5156
4570 5157
4571 5156
4572 5156
4573 5155
4573 5156
4574 5155
4575 5155
4576 5154
4577 5154
4578 5153
4578 5154
4579 5153
4580 5153
4581 5152
4581 5153
4582 5152
4583 5152
4584 5151
4584 5152
4585 5151
4586 5151
4587 5150
4588 5150
4589 5149
4589 5150
4590 5149
4591 5149
4592 5148
4592 5149
4593 5148
4594 5148
4595 5147
4595 5148
4596 5147
4597 5147
4598 5146
4599 5146
4600 5145
4600 5146
4601 5145
4602 5145
4603 5144
4603 5145
4604 5144
4605 5144
4606 5143
4606 5144
4607 5143
4608 5143
4609 5142
4610 5142
4611 5141
4611 5142
4612 5141
4613 5141
4614 5140
4614 5141
4615 5140
4616 5140
4617 5139
4617 5140
4618 5139
4619 5139
4620 5138
4621 5138
4622 5137
4622 5138
4623 5137
4624 5137
4625 5136
4625 5137
4626 5136
4627 5136
4628 5135
4628 5136
4629 5135
4630 5134
4630 5135
4631 5134
4632 5134
4633 5133
4633 5134
4634 5133
4635 5133
4636 5132
4636 5133
4637 5132
4638 5132
4639 5131
4639 5132
4640 5131
4641 5131
4642 5130
4643 5130
4644 5129
4644 5130
4645 5129
4646 5129
4647 5128
4647 5129
4648 5128
4649 5128
4650 5127
4650 5128
4651 5127
4652 5127
4653 5126
4654 5126
4655 5125
4655 5126
4656 5125
4657 5125
4658 5124
4658 5125
4659 5124
4660 5124
4661 5123
4661 5124
4662 5123
4663 5122
4663 5123
4664 5122
4665 5122
4666 5121
4666 5122
4667 5121
4668 5121
4669 5120
4669 5121
4670 5120
4671 5120
4672 5119
4672 5120
4673 5119
4674 5119
4675 5118
4676 5118
4677 5117
4677 5118
4678 5117
4679 5117
4680 5116
4680 5117
4681 5116
4682 5116
4683 5115
4683 5116
4684 5115
4685 5114
4685 5115
4686 5114
4687 5114
4688 5113
4688 5114
4689 5113
4690 5113
4691 5112
4691 5113
4692 5112
4693 5112
4694 5111
4694 5112
4695 5111
4696 5110
4696 5111
4697 5110
4698 5110
4699 5109
4699 5110
4700 5109
4701 5109
4702 5108
4702 5109
4703 5108
4704 5108
4705 5107
4705 5108
4706 5107
4707 5106
4707 5107
4708 5106
4709 5106
4710 5105
4710 5106
4711 5105
4712 5105
4713 5104
4713 5105
4714 5104
4715 5104
4716 5103
4716 5104
4717 5103
4718 5102
4718 5103
4719 5102
4720 5102
4721 5101
4721 5102
4722 5101
4723 5101
4724 5100
4724 5101
4725 5100
4726 5100
4727 5099
4727 5100
4728 5099
4729 5098
4729 5099
4730 5098
4731 5098
4732 5097
4732 5098
4733 5097
4734 5097
4735 5096
4735 5097
4736 5096
4737 5096
4738 5095
4738 5096
4739 5095
4740 5094
4740 5095
4741 5094
4742 5094
4743 5093
4743 5094
4744 5093
4745 5093
4746 5092
4746 5093
4747 5092
4748 5092
4749 5091
4749 5092
4750 5091
4751 5090
4751 5091
4752 5090
4753 5090
4754 5089
4754 5090
4755 5089
4756 5089
4757 5088
4757 5089
4758 5088
4759 5088
4760 5087
4760 5088
4761 5087
4762 5086
4762 5087
4763 5086
4764 5086
4765 5085
4765 5086
4766 5085
4767 5085
4768 5084
4768 5085
4769 5084
4770 5084
4771 5083
4772 5083
4773 5082
4773 5083
4774 5082
4775 5082
4776 5081
4776 5082
4777 5081
4778 5081
4779 5080
4779 5081
4780 5080
4781 5080
4782 5079
4782 5080
4783 5079
4784 5078
4784 5079
4785 5078
4786 5078
4787 5077
4787 5078
4788 5077
4789 5077
4790 5076
4790 5077
4791 5076
4792 5076
4793 5075
4793 5076
4794 5075
4795 5074
4795 5075
4796 5074
4797 5074
4798 5073
4798 5074
4799 5073
4800 5073
4801 5072
4801 5073
4802 5072
4803 5072
4804 5071
4805 5071
4806 5070
4806 5071
4807 5070
4808 5070
4809 5069
4809 5070
4810 5069
4811 5069
4812 5068
4812 5069
4813 5068
4814 5068
4815 5067
4815 5068
4816 5067
4817 5066
4817 5067
4818 5066
4819 5066
4820 5065
4820 5066
4821 5065
4822 5065
4823 5064
4823 5065
4824 5064
4825 5064
4826 5063
4827 5063
4828 5062
4828 5063
4829 5062
4830 5062
4831 5061
4831 5062
4832 5061
4833 5061
4834 5060
4834 5061
4835 5060
4836 5060
4837 5059
4838 5059
4839 5058
4839 5059
4840 5058
4841 5058
4842 5057
4842 5058
4843 5057
4844 5057
4845 5056
4845 5057
4846 5056
4847 5056
4848 5055
4849 5055
4850 5054
4850 5055
4851 5054
4852 5054
4853 5053
4853 5054
4854 5053
4855 5053
4856 5052
4856 5053
4857 5052
4858 5052
4859 5051
4860 5051
4861 5050
4861 5051
4862 5050
4863 5050
4864 5049
4864 5050
4865 5049
4866 5049
4867 5048
4867 5049
4868 5048
4869 5048
4870 5047
4871 5047
4872 5046
4872 5047
4873 5046
4874 5046
4875 5045
4875 5046
4876 5045
4877 5045
4878 5044
4878 5045
4879 5044
4880 5044
4881 5043
4882 5043
4883 5042
4883 5043
4884 5042
4885 5042
4886 5041
4886 5042
4887 5041
4888 5041
4889 5040
4889 5041
4890 5040
4891 5040
4892 5039
4893 5039
4894 5038
4894 5039
4895 5038
4896 5038
4897 5037
4897 5038
4898 5037
4899 5037
4900 5036
4900 5037
4901 5036
4902 5036
4903 5035
4904 5035
4905 5034
4905 5035
4906 5034
4907 5034
4908 5033
4908 5034
4909 5033
4910 5033
4911 5032
4911 5033
4912 5032
4913 5032
4914 5031
4915 5031
4916 5030
4916 5031
4917 5030
4918 5030
4919 5029
4919 5030
4920 5029
4921 5029
4922 5028
4922 5029
4923 5028
4924 5027
4924 5028
4925 5027
4926 5027
4927 5026
4927 5027
4928 5026
4929 5026
4930 5025
4930 5026
4931 5025
4932 5025
4933 5024
4933 5025
4934 5024
4935 5024
4936 5023
4937 5023
4938 5022
4938 5023
4939 5022
4940 5022
4941 5021
4941 5022
4942 5021
4943 5021
4944 5020
4944 5021
4945 5020
4946 5019
4946 5020
4947 5019
4948 5019
4949 5018
4949 5019
4950 5018
4951 5018
4952 5017
4952 5018
4953 5017
4954 5017
4955 5016
4955 5017
4956 5016
4957 5015
4957 5016
4958 5015
4959 5015
4960 5014
4960 5015
4961 5014
4962 5014
4963 5013
4963 5014
4964 5013
4965 5013
4966 5012
4966 5013
4967 5012
4968 5012
4969 5011
4970 5011
4971 5010
4971 5011
4972 5010
4973 5010
4974 5009
4974 5010
4975 5009
4976 5009
4977 5008
4977 5009
4978 5008
4979 5007
4979 5008
4980 5007
4981 5007
4982 5006
4982 5007
4983 5006
4984 5006
4985 5005
4985 5006
4986 5005
4987 5005
4988 5004
4988 5005
4989 5004
4990 5003
4990 5004
4991 5003
4992 5003
4993 5002
4993 5003
4994 5002
4995 5002
4996 5001
4996 5002
4997 5001
4998 5001
4999 5000
4999 5001
5000 5000
5001 4999
5001 5000
5002 4999
5003 4999
5004 4998
5004 4999
5005 4998
5006 4998
5007 4997
5007 4998
5008 4997
5009 4997
5010 4996
5010 4997
5011 4996
5012 4995
5012 4996
5013 4995
5014 4995
5015 4994
5015 4995
5016 4994
5017 4994
5018 4993
5018 4994
5019 4993
5020 4993
5021 4992
5021 4993
5022 4992
5023 4991
5023 4992
5024 4991
5025 4991
5026 4990
5026 4991
5027 4990
5028 4990
5029 4989
5029 4990
5030 4989
5031 4989
5032 4988
5033 4988
5034 4987
5034 4988
5035 4987
5036 4987
5037 4986
5037 4987
5038 4986
5039 4986
5040 4985
5040 4986
5041 4985
5042 4985
5043 4984
5043 4985
5044 4984
5045 4983
5045 4984
5046 4983
5047 4983
5048 4982
5048 4983
5049 4982
5050 4982
5051 4981
5051 4982
5052 4981
5053 4981
5054 4980
5054 4981
5055 4980
5056 4979
5056 4980
5057 4979
5058 4979
5059 4978
5059 4979
5060 4978
5061 4978
5062 4977
5062 4978
5063 4977
5064 4977
5065 4976
5066 4976
5067 4975
5067 4976
5068 4975
5069 4975
5070 4974
5070 4975
5071 4974
5072 4974
5073 4973
5073 4974
5074 4973
5075 4973
5076 4972
5076 4973
5077 4972
5078 4971
5078 4972
5079 4971
5080 4971
5081 4970
5081 4971
5082 4970
5083 4970
5084 4969
5084 4970
5085 4969
5086 4969
5087 4968
5088 4968
5089 4967
5089 4968
5090 4967
5091 4967
5092 4966
5092 4967
5093 4966
5094 4966
5095 4965
5095 4966
5096 4965
5097 4965
5098 4964
5099 4964
5100 4963
5100 4964
5101 4963
5102 4963
5103 4962
5103 4963
5104 4962
5105 4962
5106 4961
5106 4962
5107 4961
5108 4961
5109 4960
5110 4960
5111 4959
5111 4960
5112 4959
5113 4959
5114 4958
5114 4959
5115 4958
5116 4958
5117 4957
5117 4958
5118 4957
5119 4957
5120 4956
5121 4956
5122 4955
5122 4956
5123 4955
5124 4955
5125 4954
5125 4955
5126 4954
5127 4954
5128 4953
5128 4954
5129 4953
5130 4953
5131 4952
5132 4952
5133 4951
5133 4952
5134 4951
5135 4951
5136 4950
5136 4951
5137 4950
5138 4950
5139 4949
5139 4950
5140 4949
5141 4949
5142 4948
5143 4948
5144 4947
5144 4948
5145 4947
5146 4947
5147 4946
5147 4947
5148 4946
5149 4946
5150 4945
5150 4946
5151 4945
5152 4945
5153 4944
5154 4944
5155 4943
5155 4944
5156 4943
5157 4943
5158 4942
5158 4943
5159 4942
5160 4942
5161 4941
5161 4942
5162 4941
5163 4941
5164 4940
5165 4940
5166 4939
5166 4940
5167 4939
5168 4939
5169 4938
5169 4939
5170 4938
5171 4938
5172 4937
5172 4938
5173 4937
5174 4937
5175 4936
5176 4936
5177 4935
5177 4936
5178 4935
5179 4935
5180 4934
5180 4935
5181 4934
5182 4934
5183 4933
5183 4934
5184 4933
5185 4932
5185 4933
5186 4932
5187 4932
5188 4931
5188 4932
5189 4931
5190 4931
5191 4930
5191 4931
5192 4930
5193 4930
5194 4929
5194 4930
5195 4929
5196 4929
5197 4928
5198 4928
5199 4927
5199 4928
5200 4927
5201 4927
5202 4926
5202 4927
5203 4926
5204 4926
5205 4925
5205 4926
5206 4925
5207 4924
5207 4925
5208 4924
5209 4924
5210 4923
5210 4924
5211 4923
5212 4923
5213 4922
5213 4923
5214 4922
5215 4922
5216 4921
5216 4922
5217 4921
5218 4920
5218 4921
5219 4920
5220 4920
5221 4919
5221 4920
5222 4919
5223 4919
5224 4918
5224 4919
5225 4918
5226 4918
5227 4917
5227 4918
5228 4917
5229 4917
5230 4916
5231 4916
5232 4915
5232 4916
5233 4915
5234 4915
5235 4914
5235 4915
5236 4914
5237 4914
5238 4913
5238 4914
5239 4913
5240 4912
5240 4913
5241 4912
5242 4912
5243 4911
5243 4912
5244 4911
5245 4911
5246 4910
5246 4911
5247 4910
5248 4910
5249 4909
5249 4910
5250 4909
5251 4908
5251 4909
5252 4908
5253 4908
5254 4907
5254 4908
5255 4907
5256 4907
5257 4906
5257 4907
5258 4906
5259 4906
5260 4905
5260 4906
5261 4905
5262 4904
5262 4905
5263 4904
5264 4904
5265 4903
5265 4904
5266 4903
5267 4903
5268 4902
5268 4903
5269 4902
5270 4902
5271 4901
5271 4902
5272 4901
5273 4900
5273 4901
5274 4900
5275 4900
5276 4899
5276 4900
5277 4899
5278 4899
5279 4898
5279 4899
5280 4898
5281 4898
5282 4897
5282 4898
5283 4897
5284 4896
5284 4897
5285 4896
5286 4896
5287 4895
5287 4896
5288 4895
5289 4895
5290 4894
5290 4895
5291 4894
5292 4894
5293 4893
5293 4894
5294 4893
5295 4892
5295 4893
5296 4892
5297 4892
5298 4891
5298 4892
5299 4891
5300 4891
5301 4890
5301 4891
5302 4890
5303 4890
5304 4889
5304 4890
5305 4889
5306 4888
5306 4889
5307 4888
5308 4888
5309 4887
5309 4888
5310 4887
5311 4887
5312 4886
5312 4887
5313 4886
5314 4886
5315 4885
5315 4886
5316 4885
5317 4884
5317 4885
5318 4884
5319 4884
5320 4883
5320 4884
5321 4883
5322 4883
5323 4882
5323 4883
5324 4882
5325 4882
5326 4881
5327 4881
5328 4880
5328 4881
5329 4880
5330 4880
5331 4879
5331 4880
5332 4879
5333 4879
5334 4878
5334 4879
5335 4878
5336 4878
5337 4877
5337 4878
5338 4877
5339 4876
5339 4877
5340 4876
5341 4876
5342 4875
5342 4876
5343 4875
5344 4875
5345 4874
5345 4875
5346 4874
5347 4874
5348 4873
5349 4873
5350 4872
5350 4873
5351 4872
5352 4872
5353 4871
5353 4872
5354 4871
5355 4871
5356 4870
5356 4871
5357 4870
5358 4870
5359 4869
5360 4869
5361 4868
5361 4869
5362 4868
5363 4868
5364 4867
5364 4868
5365 4867
5366 4867
5367 4866
5367 4867
5368 4866
5369 4866
5370 4865
5370 4866
5371 4865
5372 4864
5372 4865
5373 4864
5374 4864
5375 4863
5375 4864
5376 4863
5377 4863
5378 4862
5378 4863
5379 4862
5380 4862
5381 4861
5382 4861
5383 4860
5383 4861
5384 4860
5385 4860
5386 4859
5386 4860
5387 4859
5388 4859
5389 4858
5389 4859
5390 4858
5391 4858
5392 4857
5393 4857
5394 4856
5394 4857
5395 4856
5396 4856
5397 4855
5397 4856
5398 4855
5399 4855
5400 4854
5400 4855
5401 4854
5402 4854
5403 4853
5404 4853
5405 4852
5405 4853
5406 4852
5407 4852
5408 4851
5408 4852
5409 4851
5410 4851
5411 4850
5411 4851
5412 4850
5413 4850
5414 4849
5415 4849
5416 4848
5416 4849
5417 4848
5418 4848
5419 4847
5419 4848
5420 4847
5421 4847
5422 4846
5422 4847
5423 4846
5424 4846
5425 4845
5426 4845
5427 4844
5427 4845
5428 4844
5429 4844
5430 4843
5430 4844
5431 4843
5432 4843
5433 4842
5433 4843
5434 4842
5435 4842
5436 4841
5437 4841
5438 4840
5438 4841
5439 4840
5440 4840
5441 4839
5441 4840
5442 4839
5443 4839
5444 4838
5444 4839
5445 4838
5446 4837
5446 4838
5447 4837
5448 4837
5449 4836
5449 4837
5450 4836
5451 4836
5452 4835
5452 4836
5453 4835
5454 4835
5455 4834
5455 4835
5456 4834
5457 4834
5458 4833
5459 4833
5460 4832
5460 4833
5461 4832
5462 4832
5463 4831
5463 4832
5464 4831
5465 4831
5466 4830
5466 4831
5467 4830
5468 4830
5469 4829
5470 4829
5471 4828
5471 4829
5472 4828
5473 4828
5474 4827
5474 4828
5475 4827
5476 4827
5477 4826
5477 4827
5478 4826
5479 4825
5479 4826
5480 4825
5481 4825
5482 4824
5482 4825
5483 4824
5484 4824
5485 4823
5485 4824
5486 4823
5487 4823
5488 4822
5488 4823
5489 4822
5490 4822
5491 4821
5492 4821
5493 4820
5493 4821
5494 4820
5495 4820
5496 4819
5496 4820
5497 4819
5498 4819
5499 4818
5499 4819
5500 4818
5501 4817
5501 4818
5502 4817
5503 4817
5504 4816
5504 4817
5505 4816
5506 4816
5507 4815
5507 4816
5508 4815
5509 4815
5510 4814
5510 4815
5511 4814
5512 4813
5512 4814
5513 4813
5514 4813
5515 4812
5515 4813
5516 4812
5517 4812
5518 4811
5518 4812
5519 4811
5520 4811
5521 4810
5521 4811
5522 4810
5523 4809
5523 4810
5524 4809
5525 4809
5526 4808
5526 4809
5527 4808
5528 4808
5529 4807
5529 4808
5530 4807
5531 4807
5532 4806
5532 4807
5533 4806
5534 4805
5534 4806
5535 4805
5536 4805
5537 4804
5537 4805
5538 4804
5539 4804
5540 4803
5540 4804
5541 4803
5542 4803
5543 4802
5543 4803
5544 4802
5545 4801
5545 4802
5546 4801
5547 4801
5548 4800
5548 4801
5549 4800
5550 4800
5551 4799
5551 4800
5552 4799
5553 4799
5554 4798
5554 4799
5555 4798
5556 4797
5556 4798
5557 4797
5558 4797
5559 4796
5559 4797
5560 4796
5561 4796
5562 4795
5562 4796
5563 4795
5564 4795
5565 4794
5565 4795
5566 4794
5567 4793
5567 4794
5568 4793
5569 4793
5570 4792
5570 4793
5571 4792
5572 4792
5573 4791
5573 4792
5574 4791
5575 4791
5576 4790
5576 4791
5577 4790
5578 4789
5578 4790
5579 4789
5580 4789
5581 4788
5581 4789
5582 4788
5583 4788
5584 4787
5584 4788
5585 4787
5586 4787
5587 4786
5588 4786
5589 4785
5589 4786
5590 4785
5591 4785
5592 4784
5592 4785
5593 4784
5594 4784
5595 4783
5595 4784
5596 4783
5597 4783
5598 4782
5598 4783
5599 4782
5600 4781
5600 4782
5601 4781
5602 4781
5603 4780
5603 4781
5604 4780
5605 4780
5606 4779
5606 4780
5607 4779
5608 4779
5609 4778
5610 4778
5611 4777
5611 4778
5612 4777
5613 4777
5614 4776
5614 4777
5615 4776
5616 4776
5617 4775
5617 4776
5618 4775
5619 4775
5620 4774
5621 4774
5622 4773
5622 4774
5623 4773
5624 4773
5625 4772
5625 4773
5626 4772
5627 4772
5628 4771
5628 4772
5629 4771
5630 4771
5631 4770
5631 4771
5632 4770
5633 4769
5633 4770
5634 4769
5635 4769
5636 4768
5636 4769
5637 4768
5638 4768
5639 4767
5639 4768
5640 4767
5641 4767
5642 4766
5643 4766
5644 4765
5644 4766
5645 4765
5646 4765
5647 4764
5647 4765
5648 4764
5649 4764
5650 4763
5650 4764
5651 4763
5652 4763
5653 4762
5654 4762
5655 4761
5655 4762
5656 4761
5657 4761
5658 4760
5658 4761
5659 4760
5660 4760
5661 4759
5661 4760
5662 4759
5663 4759
5664 4758
5665 4758
5666 4757
5666 4758
5667 4757
5668 4757
5669 4756
5669 4757
5670 4756
5671 4756
5672 4755
5672 4756
5673 4755
5674 4755
5675 4754
5676 4754
5677 4753
5677 4754
5678 4753
5679 4753
5680 4752
5680 4753
5681 4752
5682 4752
5683 4751
5683 4752
5684 4751
5685 4751
5686 4750
5687 4750
5688 4749
5688 4750
5689 4749
5690 4749
5691 4748
5691 4749
5692 4748
5693 4748
5694 4747
5694 4748
5695 4747
5696 4747
5697 4746
5698 4746
5699 4745
5699 4746
5700 4745
5701 4745
5702 4744
5702 4745
5703 4744
5704 4744
5705 4743
5705 4744
5706 4743
5707 4743
5708 4742
5709 4742
5710 4741
5710 4742
5711 4741
5712 4741
5713 4740
5713 4741
5714 4740
5715 4740
5716 4739
5716 4740
5717 4739
5718 4739
5719 4738
5720 4738
5721 4737
5721 4738
5722 4737
5723 4737
5724 4736
5724 4737
5725 4736
5726 4736
5727 4735
5727 4736
5728 4735
5729 4735
5730 4734
5731 4734
5732 4733
5732 4734
5733 4733
5734 4733
5735 4732
5735 4733
5736 4732
5737 4732
5738 4731
5738 4732
5739 4731
5740 4730
5740 4731
5741 4730
5742 4730
5743 4729
5743 4730
5744 4729
5745 4729
5746 4728
5746 4729
5747 4728
5748 4728
5749 4727
5749 4728
5750 4727
5751 4727
5752 4726
5753 4726
5754 4725
5754 4726
5755 4725
5756 4725
5757 4724
5757 4725
5758 4724
5759 4724
5760 4723
5760 4724
5761 4723
5762 4722
5762 4723
5763 4722
5764 4722
5765 4721
5765 4722
5766 4721
5767 4721
5768 4720
5768 4721
5769 4720
5770 4720
5771 4719
5771 4720
5772 4719
5773 4718
5773 4719
5774 4718
5775 4718
5776 4717
5776 4718
5777 4717
5778 4717
5779 4716
5779 4717
5780 4716
5781 4716
5782 4715
5782 4716
5783 4715
5784 4714
5784 4715
5785 4714
5786 4714
5787 4713
5787 4714
5788 4713
5789 4713
5790 4712
5790 4713
5791 4712
5792 4712
5793 4711
5793 4712
5794 4711
5795 4710
5795 4711
5796 4710
5797 4710
5798 4709
5798 4710
5799 4709
5800 4709
5801 4708
5801 4709
5802 4708
5803 4708
5804 4707
5804 4708
5805 4707
5806 4706
5806 4707
5807 4706
5808 4706
5809 4705
5809 4706
5810 4705
5811 4705
5812 4704
5812 4705
5813 4704
5814 4704
5815 4703
5815 4704
5816 4703
5817 4702
5817 4703
5818 4702
5819 4702
5820 4701
5820 4702
5821 4701
5822 4701
5823 4700
5823 4701
5824 4700
5825 4700
5826 4699
5826 4700
5827 4699
5828 4698
5828 4699
5829 4698
5830 4698
5831 4697
5831 4698
5832 4697
5833 4697
5834 4696
5834 4697
5835 4696
5836 4696
5837 4695
5837 4696
5838 4695
5839 4694
5839 4695
5840 4694
5841 4694
5842 4693
5842 4694
5843 4693
5844 4693
5845 4692
5845 4693
5846 4692
5847 4692
5848 4691
5849 4691
5850 4690
5850 4691
5851 4690
5852 4690
5853 4689
5853 4690
5854 4689
5855 4689
5856 4688
5856 4689
5857 4688
5858 4688
5859 4687
5859 4688
5860 4687
5861 4686
5861 4687
5862 4686
5863 4686
5864 4685
5864 4686
5865 4685
5866 4685
5867 4684
5867 4685
5868 4684
5869 4684
5870 4683
5870 4684
5871 4683
5872 4682
5872 4683
5873 4682
5874 4682
5875 4681
5875 4682
5876 4681
5877 4681
5878 4680
5878 4681
5879 4680
5880 4680
5881 4679
5882 4679
5883 4678
5883 4679
5884 4678
5885 4678
5886 4677
5886 4678
5887 4677
5888 4677
5889 4676
5889 4677
5890 4676
5891 4676
5892 4675
5892 4676
5893 4675
5894 4674
5894 4675
5895 4674
5896 4674
5897 4673
5897 4674
5898 4673
5899 4673
5900 4672
5900 4673
5901 4672
5902 4672
5903 4671
5904 4671
5905 4670
5905 4671
5906 4670
5907 4670
5908 4669
5908 4670
5909 4669
5910 4669
5911 4668
5911 4669
5912 4668
5913 4668
5914 4667
5915 4667
5916 4666
5916 4667
5917 4666
5918 4666
5919 4665
5919 4666
5920 4665
5921 4665
5922 4664
5922 4665
5923 4664
5924 4664
5925 4663
5926 4663
5927 4662
5927 4663
5928 4662
5929 4662
5930 4661
5930 4662
5931 4661
5932 4661
5933 4660
5933 4661
5934 4660
5935 4660
5936 4659
5937 4659
5938 4658
5938 4659
5939 4658
5940 4658
5941 4657
5941 4658
5942 4657
5943 4657
5944 4656
5944 4657
5945 4656
5946 4656
5947 4655
5947 4656
5948 4655
5949 4654
5949 4655
5950 4654
5951 4654
5952 4653
5952 4654
5953 4653
5954 4653
5955 4652
5955 4653
5956 4652
5957 4652
5958 4651
5959 4651
5960 4650
5960 4651
5961 4650
5962 4650
5963 4649
5963 4650
5964 4649
5965 4649
5966 4648
5966 4649
5967 4648
5968 4648
5969 4647
5970 4647
5971 4646
5971 4647
5972 4646
5973 4646
5974 4645
5974 4646
5975 4645
5976 4645
5977 4644
5977 4645
5978 4644
5979 4644
5980 4643
5981 4643
5982 4642
5982 4643
5983 4642
5984 4642
5985 4641
5985 4642
5986 4641
5987 4641
5988 4640
5988 4641
5989 4640
5990 4640
5991 4639
5992 4639
5993 4638
5993 4639
5994 4638
5995 4638
5996 4637
5996 4638
5997 4637
5998 4637
5999 4636
5999 4637
6000 4636
6001 4635
6001 4636
6002 4635
6003 4635
6004 4634
6004 4635
6005 4634
6006 4634
6007 4633
6007 4634
6008 4633
6009 4633
6010 4632
6010 4633
6011 4632
6012 4632
6013 4631
6014 4631
6015 4630
6015 4631
6016 4630
6017 4630
6018 4629
6018 4630
6019 4629
6020 4629
6021 4628
6021 4629
6022 4628
6023 4627
6023 4628
6024 4627
6025 4627
6026 4626
6026 4627
6027 4626
6028 4626
6029 4625
6029 4626
6030 4625
6031 4625
6032 4624
6032 4625
6033 4624
6034 4623
6034 4624
6035 4623
6036 4623
6037 4622
6037 4623
6038 4622
6039 4622
6040 4621
6040 4622
6041 4621
6042 4621
6043 4620
6043 4621
6044 4620
6045 4620
6046 4619
6047 4619
6048 4618
6048 4619
6049 4618
6050 4618
6051 4617
6051 4618
6052 4617
6053 4617
6054 4616
6054 4617
6055 4616
6056 4615
6056 4616
6057 4615
6058 4615
6059 4614
6059 4615
6060 4614
6061 4614
6062 4613
6062 4614
6063 4613
6064 4613
6065 4612
6065 4613
6066 4612
6067 4611
6067 4612
6068 4611
6069 4611
6070 4610
6070 4611
6071 4610
6072 4610
6073 4609
6073 4610
6074 4609
6075 4609
6076 4608
6076 4609
6077 4608
6078 4607
6078 4608
6079 4607
6080 4607
6081 4606
6081 4607
6082 4606
6083 4606
6084 4605
6084 4606
6085 4605
6086 4605
6087 4604
6087 4605
6088 4604
6089 4603
6089 4604
6090 4603
6091 4603
6092 4602
6092 4603
6093 4602
6094 4602
6095 4601
6095 4602
6096 4601
6097 4601
6098 4600
6098 4601
6099 4600
6100 4599
6100 4600
6101 4599
6102 4599
6103 4598
6103 4599
6104 4598
6105 4598
6106 4597
6106 4598
6107 4597
6108 4597
6109 4596
6109 4597
6110 4596
6111 4595
6111 4596
6112 4595
6113 4595
6114 4594
6114 4595
6115 4594
6116 4594
6117 4593
6117 4594
6118 4593
6119 4593
6120 4592
6120 4593
6121 4592
6122 4591
6122 4592
6123 4591
6124 4591
6125 4590
6125 4591
6126 4590
6127 4590
6128 4589
6128 4590
6129 4589
6130 4589
6131 4588
6131 4589
6132 4588
6133 4587
6133 4588
6134 4587
6135 4587
6136 4586
6136 4587
6137 4586
6138 4586
6139 4585
6139 4586
6140 4585
6141 4585
6142 4584
6143 4584
6144 4583
6144 4584
6145 4583
6146 4583
6147 4582
6147 4583
6148 4582
6149 4582
6150 4581
6150 4582
6151 4581
6152 4581
6153 4580
6153 4581
6154 4580
6155 4579
6155 4580
6156 4579
6157 4579
6158 4578
6158 4579
6159 4578
6160 4578
6161 4577
6161 4578
6162 4577
6163 4577
6164 4576
6165 4576
6166 4575
6166 4576
6167 4575
6168 4575
6169 4574
6169 4575
6170 4574
6171 4574
6172 4573
6172 4574
6173 4573
6174 4573
6175 4572
6176 4572
6177 4571
6177 4572
6178 4571
6179 4571
6180 4570
6180 4571
6181 4570
6182 4570
6183 4569
6183 4570
6184 4569
6185 4569
6186 4568
6187 4568
6188 4567
6188 4568
6189 4567
6190 4567
6191 4566
6191 4567
6192 4566
6193 4566
6194 4565
6194 4566
6195 4565
6196 4565
6197 4564
6198 4564
6199 4563
6199 4564
6200 4563
6201 4563
6202 4562
6202 4563
6203 4562
6204 4562
6205 4561
6205 4562
6206 4561
6207 4561
6208 4560
6208 4561
6209 4560
6210 4559
6210 4560
6211 4559
6212 4559
6213 4558
6213 4559
6214 4558
6215 4558
6216 4557
6216 4558
6217 4557
6218 4557
6219 4556
6220 4556
6221 4555
6221 4556
6222 4555
6223 4555
6224 4554
6224 4555
6225 4554
6226 4554
6227 4553
6227 4554
6228 4553
6229 4553
6230 4552
6231 4552
6232 4551
6232 4552
6233 4551
6234 4551
6235 4550
6235 4551
6236 4550
6237 4550
6238 4549
6238 4550
6239 4549
6240 4549
6241 4548
6242 4548
6243 4547
6243 4548
6244 4547
6245 4547
6246 4546
6246 4547
6247 4546
6248 4546
6249 4545
6249 4546
6250 4545
6251 4545
6252 4544
6253 4544
6254 4543
6254 4544
6255 4543
6256 4543
6257 4542
6257 4543
6258 4542
6259 4542
6260 4541
6260 4542
6261 4541
6262 4540
6262 4541
6263 4540
6264 4540
6265 4539
6265 4540
6266 4539
6267 4539
6268 4538
6268 4539
6269 4538
6270 4538
6271 4537
6271 4538
6272 4537
6273 4537
6274 4536
6275 4536
6276 4535
6276 4536
6277 4535
6278 4535
6279 4534
6279 4535
6280 4534
6281 4534
6282 4533
6282 4534
6283 4533
6284 4533
6285 4532
6286 4532
6287 4531
6287 4532
6288 4531
6289 4531
6290 4530
6290 4531
6291 4530
6292 4530
6293 4529
6293 4530
6294 4529
6295 4528
6295 4529
6296 4528
6297 4528
6298 4527
6298 4528
6299 4527
6300 4527
6301 4526
6301 4527
6302 4526
6303 4526
6304 4525
6304 4526
6305 4525
6306 4525
6307 4524
6308 4524
6309 4523
6309 4524
6310 4523
6311 4523
6312 4522
6312 4523
6313 4522
6314 4522
6315 4521
6315 4522
6316 4521
6317 4520
6317 4521
6318 4520
6319 4520
6320 4519
6320 4520
6321 4519
6322 4519
6323 4518
6323 4519
6324 4518
6325 4518
6326 4517
6326 4518
6327 4517
6328 4516
6328 4517
6329 4516
6330 4516
6331 4515
6331 4516
6332 4515
6333 4515
6334 4514
6334 4515
6335 4514
6336 4514
6337 4513
6337 4514
6338 4513
6339 4512
6339 4513
6340 4512
6341 4512
6342 4511
6342 4512
6343 4511
6344 4511
6345 4510
6345 4511
6346 4510
6347 4510
6348 4509
6348 4510
6349 4509
6350 4508
6350 4509
6351 4508
6352 4508
6353 4507
6353 4508
6354 4507
6355 4507
6356 4506
6356 4507
6357 4506
6358 4506
6359 4505
6359 4506
6360 4505
6361 4504
6361 4505
6362 4504
6363 4504
6364 4503
6364 4504
6365 4503
6366 4503
6367 4502
6367 4503
6368 4502
6369 4502
6370 4501
6370 4502
6371 4501
6372 4500
6372 4501
6373 4500
6374 4500
6375 4499
6375 4500
6376 4499
6377 4499
6378 4498
6378 4499
6379 4498
6380 4498
6381 4497
6381 4498
6382 4497
6383 4496
6383 4497
6384 4496
6385 4496
6386 4495
6386 4496
6387 4495
6388 4495
6389 4494
6389 4495
6390 4494
6391 4494
6392 4493
6392 4494
6393 4493
6394 4492
6394 4493
6395 4492
6396 4492
6397 4491
6397 4492
6398 4491
6399 4491
6400 4490
6400 4491
6401 4490
6402 4490
6403 4489
6404 4489
6405 4488
6405 4489
6406 4488
6407 4488
6408 4487
6408 4488
6409 4487
6410 4487
6411 4486
6411 4487
6412 4486
6413 4486
6414 4485
6414 4486
6415 4485
6416 4484
6416 4485
6417 4484
6418 4484
6419 4483
6419 4484
6420 4483
6421 4483
6422 4482
6422 4483
6423 4482
6424 4482
6425 4481
6426 4481
6427 4480
6427 4481
6428 4480
6429 4480
6430 4479
6430 4480
6431 4479
6432 4479
6433 4478
6433 4479
6434 4478
6435 4478
6436 4477
6437 4477
6438 4476
6438 4477
6439 4476
6440 4476
6441 4475
6441 4476
6442 4475
6443 4475
6444 4474
6444 4475
6445 4474
6446 4474
6447 4473
6447 4474
6448 4473
6449 4472
6449 4473
6450 4472
6451 4472
6452 4471
6452 4472
6453 4471
6454 4471
6455 4470
6455 4471
6456 4470
6457 4470
6458 4469
6459 4469
6460 4468
6460 4469
6461 4468
6462 4468
6463 4467
6463 4468
6464 4467
6465 4467
6466 4466
6466 4467
6467 4466
6468 4466
6469 4465
6469 4466
6470 4465
6471 4464
6471 4465
6472 4464
6473 4464
6474 4463
6474 4464
6475 4463
6476 4463
6477 4462
6477 4463
6478 4462
6479 4462
6480 4461
6481 4461
6482 4460
6482 4461
6483 4460
6484 4460
6485 4459
6485 4460
6486 4459
6487 4459
6488 4458
6488 4459
6489 4458
6490 4458
6491 4457
6492 4457
6493 4456
6493 4457
6494 4456
6495 4456
6496 4455
6496 4456
6497 4455
6498 4455
6499 4454
6499 4455
6500 4454
6501 4454
6502 4453
6503 4453
6504 4452
6504 4453
6505 4452
6506 4452
6507 4451
6507 4452
6508 4451
6509 4451
6510 4450
6510 4451
6511 4450
6512 4450
6513 4449
6514 4449
6515 4448
6515 4449
6516 4448
6517 4448
6518 4447
6518 4448
6519 4447
6520 4447
6521 4446
6521 4447
6522 4446
6523 4445
6523 4446
6524 4445
6525 4445
6526 4444
6526 4445
6527 4444
6528 4444
6529 4443
6529 4444
6530 4443
6531 4443
6532 4442
6532 4443
6533 4442
6534 4442
6535 4441
6536 4441
6537 4440
6537 4441
6538 4440
6539 4440
6540 4439
6540 4440
6541 4439
6542 4439
6543 4438
6543 4439
6544 4438
6545 4438
6546 4437
6547 4437
6548 4436
6548 4437
6549 4436
6550 4436
6551 4435
6551 4436
6552 4435
6553 4435
6554 4434
6554 4435
6555 4434
6556 4433
6556 4434
6557 4433
6558 4433
6559 4432
6559 4433
6560 4432
6561 4432
6562 4431
6562 4432
6563 4431
6564 4431
6565 4430
6565 4431
6566 4430
6567 4430
6568 4429
6569 4429
6570 4428
6570 4429
6571 4428
6572 4428
6573 4427
6573 4428
6574 4427
6575 4427
6576 4426
6576 4427
6577 4426
6578 4425
6578 4426
6579 4425
6580 4425
6581 4424
6581 4425
6582 4424
6583 4424
6584 4423
6584 4424
6585 4423
6586 4423
6587 4422
6587 4423
6588 4422
6589 4421
6589 4422
6590 4421
6591 4421
6592 4420
6592 4421
6593 4420
6594 4420
6595 4419
6595 4420
6596 4419
6597 4419
6598 4418
6598 4419
6599 4418
6600 4417
6600 4418
6601 4417
6602 4417
6603 4416
6603 4417
6604 4416
6605 4416
6606 4415
6606 4416
6607 4415
6608 4415
6609 4414
6609 4415
6610 4414
6611 4413
6611 4414
6612 4413
6613 4413
6614 4412
6614 4413
6615 4412
6616 4412
6617 4411
6617 4412
6618 4411
6619 4411
6620 4410
6620 4411
6621 4410
6622 4409
6622 4410
6623 4409
6624 4409
6625 4408
6625 4409
6626 4408
6627 4408
6628 4407
6628 4408
6629 4407
6630 4407
6631 4406
6631 4407
6632 4406
6633 4405
6633 4406
6634 4405
6635 4405
6636 4404
6636 4405
6637 4404
6638 4404
6639 4403
6639 4404
6640 4403
6641 4403
6642 4402
6642 4403
6643 4402
6644 4401
6644 4402
6645 4401
6646 4401
6647 4400
6647 4401
6648 4400
6649 4400
6650 4399
6650 4400
6651 4399
6652 4399
6653 4398
6653 4399
6654 4398
6655 4397
6655 4398
6656 4397
6657 4397
6658 4396
6658 4397
6659 4396
6660 4396
6661 4395
6661 4396
6662 4395
6663 4395
6664 4394
6665 4394
6666 4393
6666 4394
6667 4393
6668 4393
6669 4392
6669 4393
6670 4392
6671 4392
6672 4391
6672 4392
6673 4391
6674 4391
6675 4390
6675 4391
6676 4390
6677 4389
6677 4390
6678 4389
6679 4389
6680 4388
6680 4389
6681 4388
6682 4388
6683 4387
6683 4388
6684 4387
6685 4387
6686 4386
6686 4387
6687 4386
6688 4385
6688 4386
6689 4385
6690 4385
6691 4384
6691 4385
6692 4384
6693 4384
6694 4383
6694 4384
6695 4383
6696 4383
6697 4382
6698 4382
6699 4381
6699 4382
6700 4381
6701 4381
6702 4380
6702 4381
6703 4380
6704 4380
6705 4379
6705 4380
6706 4379
6707 4379
6708 4378
6708 4379
6709 4378
6710 4377
6710 4378
6711 4377
6712 4377
6713 4376
6713 4377
6714 4376
6715 4376
6716 4375
6716 4376
6717 4375
6718 4375
6719 4374
6720 4374
6721 4373
6721 4374
6722 4373
6723 4373
6724 4372
6724 4373
6725 4372
6726 4372
6727 4371
6727 4372
6728 4371
6729 4371
6730 4370
6730 4371
6731 4370
6732 4369
6732 4370
6733 4369
6734 4369
6735 4368
6735 4369
6736 4368
6737 4368
6738 4367
6738 4368
6739 4367
6740 4367
6741 4366
6742 4366
6743 4365
6743 4366
6744 4365
6745 4365
6746 4364
6746 4365
6747 4364
6748 4364
6749 4363
6749 4364
6750 4363
6751 4363
6752 4362
6753 4362
6754 4361
6754 4362
6755 4361
6756 4361
6757 4360
6757 4361
6758 4360
6759 4360
6760 4359
6760 4360
6761 4359
6762 4359
6763 4358
6764 4358
6765 4357
6765 4358
6766 4357
6767 4357
6768 4356
6768 4357
6769 4356
6770 4356
6771 4355
6771 4356
6772 4355
6773 4355
6774 4354
6775 4354
6776 4353
6776 4354
6777 4353
6778 4353
6779 4352
6779 4353
6780 4352
6781 4352
6782 4351
6782 4352
6783 4351
6784 4351
6785 4350
6786 4350
6787 4349
6787 4350
6788 4349
6789 4349
6790 4348
6790 4349
6791 4348
6792 4348
6793 4347
6793 4348
6794 4347
6795 4347
6796 4346
6797 4346
6798 4345
6798 4346
6799 4345
6800 4345
6801 4344
6801 4345
6802 4344
6803 4344
6804 4343
6804 4344
6805 4343
6806 4343
6807 4342
6808 4342
6809 4341
6809 4342
6810 4341
6811 4341
6812 4340
6812 4341
6813 4340
6814 4340
6815 4339
6815 4340
6816 4339
6817 4338
6817 4339
6818 4338
6819 4338
6820 4337
6820 4338
6821 4337
6822 4337
6823 4336
6823 4337
6824 4336
6825 4336
6826 4335
6826 4336
6827 4335
6828 4335
6829 4334
6830 4334
6831 4333
6831 4334
6832 4333
6833 4333
6834 4332
6834 4333
6835 4332
6836 4332
6837 4331
6837 4332
6838 4331
6839 4330
6839 4331
6840 4330
6841 4330
6842 4329
6842 4330
6843 4329
6844 4329
6845 4328
6845 4329
6846 4328
6847 4328
6848 4327
6848 4328
6849 4327
6850 4326
6850 4327
6851 4326
6852 4326
6853 4325
6853 4326
6854 4325
6855 4325
6856 4324
6856 4325
6857 4324
6858 4324
6859 4323
6859 4324
6860 4323
6861 4323
6862 4322
6863 4322
6864 4321
6864 4322
6865 4321
6866 4321
6867 4320
6867 4321
6868 4320
6869 4320
6870 4319
6870 4320
6871 4319
6872 4318
6872 4319
6873 4318
6874 4318
6875 4317
6875 4318
6876 4317
6877 4317
6878 4316
6878 4317
6879 4316
