n = 2000
m = 2000
h = 0.0005000000

# Scenario : ligne
# Parametres : angle=-20, longueur=0.5, hauteur=0.15, decalage=0.1
# Nombre de sources : 995

sources :
624 1137
625 1136
625 1137
626 1136
627 1136
628 1135
628 1136
629 1135
630 1134
630 1135
631 1134
632 1134
633 1133
633 1134
634 1133
635 1133
636 1132
636 1133
637 1132
638 1132
639 1131
639 1132
640 1131
641 1131
642 1130
643 1130
644 1129
644 1130
645 1129
646 1129
647 1128
647 1129
648 1128
649 1128
650 1127
650 1128
651 1127
652 1127
653 1126
654 1126
655 1125
655 1126
656 1125
657 1125
658 1124
658 1125
659 1124
660 1124
661 1123
661 1124
662 1123
663 1122
663 1123
664 1122
665 1122
666 1121
666 1122
667 1121
668 1121
669 1120
669 1121
670 1120
671 1120
672 1119
672 1120
673 1119
674 1119
675 1118
676 1118
677 1117
677 1118
678 1117
679 1117
680 1116
680 1117
681 1116
682 1116
683 1115
683 1116
684 1115
685 1114
685 1115
686 1114
687 1114
688 1113
688 1114
689 1113
690 1113
691 1112
691 1113
692 1112
693 1112
694 1111
694 1112
695 1111
696 1110
696 1111
697 1110
698 1110
699 1109
699 1110
700 1109
701 1109
702 1108
702 1109
703 1108
704 1108
705 1107
705 1108
706 1107
707 1106
707 1107
708 1106
709 1106
710 1105
710 1106
711 1105
712 1105
713 1104
713 1105
714 1104
715 1104
716 1103
716 1104
717 1103
718 1102
718 1103
719 1102
720 1102
721 1101
721 1102
722 1101
723 1101
724 1100
724 1101
725 1100
726 1100
727 1099
727 1100
728 1099
729 1098
729 1099
730 1098
731 1098
732 1097
732 1098
733 1097
734 1097
735 1096
735 1097
736 1096
737 1096
738 1095
738 1096
739 1095
740 1094
740 1095
741 1094
742 1094
743 1093
743 1094
744 1093
745 1093
746 1092
746 1093
747 1092
748 1092
749 1091
749 1092
750 1091
751 1090
751 1091
752 1090
753 1090
754 1089
754 1090
755 1089
756 1089
757 1088
757 1089
758 1088
759 1088
760 1087
760 1088
761 1087
762 1086
762 1087
763 1086
764 1086
765 1085
765 1086
766 1085
767 1085
768 1084
768 1085
769 1084
770 1084
771 1083
772 1083
773 1082
773 1083
774 1082
775 1082
776 1081
776 1082
777 1081
778 1081
779 1080
779 1081
780 1080
781 1080
782 1079
782 1080
783 1079
784 1078
784 1079
785 1078
786 1078
787 1077
787 1078
788 1077
789 1077
790 1076
790 1077
791 1076
792 1076
793 1075
793 1076
794 1075
795 1074
795 1075
796 1074
797 1074
798 1073
798 1074
799 1073
800 1073
801 1072
801 1073
802 1072
803 1072
804 1071
805 1071
806 1070
806 1071
807 1070
808 1070
809 1069
809 1070
810 1069
811 1069
812 1068
812 1069
813 1068
814 1068
815 1067
815 1068
816 1067
817 1066
817 1067
818 1066
819 1066
820 1065
820 1066
821 1065
822 1065
823 1064
823 1065
824 1064
825 1064
826 1063
827 1063
828 1062
828 1063
829 1062
830 1062
831 1061
831 1062
832 1061
833 1061
834 1060
834 1061
835 1060
836 1060
837 1059
838 1059
839 1058
839 1059
840 1058
841 1058
842 1057
842 1058
843 1057
844 1057
845 1056
845 1057
846 1056
847 1056
848 1055
849 1055
850 1054
850 1055
851 1054
852 1054
853 1053
853 1054
854 1053
855 1053
856 1052
856 1053
857 1052
858 1052
859 1051
860 1051
861 1050
861 1051
862 1050
863 1050
864 1049
864 1050
865 1049
866 1049
867 1048
867 1049
868 1048
869 1048
870 1047
871 1047
872 1046
872 1047
873 1046
874 1046
875 1045
875 1046
876 1045
877 1045
878 1044
878 1045
879 1044
880 1044
881 1043
882 1043
883 1042
883 1043
884 1042
885 1042
886 1041
886 1042
887 1041
888 1041
889 1040
889 1041
890 1040
891 1040
892 1039
893 1039
894 1038
894 1039
895 1038
896 1038
897 1037
897 1038
898 1037
899 1037
900 1036
900 1037
901 1036
902 1036
903 1035
904 1035
905 1034
905 1035
906 1034
907 1034
908 1033
908 1034
909 1033
910 1033
911 1032
911 1033
912 1032
913 1032
914 1031
915 1031
916 1030
916 1031
917 1030
918 1030
919 1029
919 1030
920 1029
921 1029
922 1028
922 1029
923 1028
924 1027
924 1028
925 1027
926 1027
927 1026
927 1027
928 1026
929 1026
930 1025
930 1026
931 1025
932 1025
933 1024
933 1025
934 1024
935 1024
936 1023
937 1023
938 1022
938 1023
939 1022
940 1022
941 1021
941 1022
942 1021
943 1021
944 1020
944 1021
945 1020
946 1019
946 1020
947 1019
948 1019
949 1018
949 1019
950 1018
951 1018
952 1017
952 1018
953 1017
954 1017
955 1016
955 1017
956 1016
957 1015
957 1016
958 1015
959 1015
960 1014
960 1015
961 1014
962 1014
963 1013
963 1014
964 1013
965 1013
966 1012
966 1013
967 1012
968 1012
969 1011
970 1011
971 1010
971 1011
972 1010
973 1010
974 1009
974 1010
975 1009
976 1009
977 1008
977 1009
978 1008
979 1007
979 1008
980 1007
981 1007
982 1006
982 1007
983 1006
984 1006
985 1005
985 1006
986 1005
987 1005
988 1004
988 1005
989 1004
990 1003
990 1004
991 1003
992 1003
993 1002
993 1003
994 1002
995 1002
996 1001
996 1002
997 1001
998 1001
999 1000
999 1001
1000 1000
1001 999
1001 1000
1002 999
1003 999
1004 998
1004 999
1005 998
1006 998
1007 997
1007 998
1008 997
1009 997
1010 996
1010 997
1011 996
1012 995
1012 996
1013 995
1014 995
1015 994
1015 995
1016 994
1017 994
1018 993
1018 994
1019 993
1020 993
1021 992
1021 993
1022 992
1023 991
1023 992
1024 991
1025 991
1026 990
1026 991
1027 990
1028 990
1029 989
1029 990
1030 989
1031 989
1032 988
1033 988
1034 987
1034 988
1035 987
1036 987
1037 986
1037 987
1038 986
1039 986
1040 985
1040 986
1041 985
1042 985
1043 984
1043 985
1044 984
1045 983
1045 984
1046 983
1047 983
1048 982
1048 983
1049 982
1050 982
1051 981
1051 982
1052 981
1053 981
1054 980
1054 981
1055 980
1056 979
1056 980
1057 979
1058 979
1059 978
1059 979
1060 978
1061 978
1062 977
1062 978
1063 977
1064 977
1065 976
1066 976
1067 975
1067 976
1068 975
1069 975
1070 974
1070 975
1071 974
1072 974
1073 973
1073 974
1074 973
1075 973
1076 972
1076 973
1077 972
1078 971
1078 972
1079 971
1080 971
1081 970
1081 971
1082 970
1083 970
1084 969
1084 970
1085 969
1086 969
1087 968
1088 968
1089 967
1089 968
1090 967
1091 967
1092 966
1092 967
1093 966
1094 966
1095 965
1095 966
1096 965
1097 965
1098 964
1099 964
1100 963
1100 964
1101 963
1102 963
1103 962
1103 963
1104 962
1105 962
1106 961
1106 962
1107 961
1108 961
1109 960
1110 960
1111 959
1111 960
1112 959
1113 959
1114 958
1114 959
1115 958
1116 958
1117 957
1117 958
1118 957
1119 957
1120 956
1121 956
1122 955
1122 956
1123 955
1124 955
1125 954
1125 955
1126 954
1127 954
1128 953
1128 954
1129 953
1130 953
1131 952
1132 952
1133 951
1133 952
1134 951
1135 951
1136 950
1136 951
1137 950
1138 950
1139 949
1139 950
1140 949
1141 949
1142 948
1143 948
1144 947
1144 948
1145 947
1146 947
1147 946
1147 947
1148 946
1149 946
1150 945
1150 946
1151 945
1152 945
1153 944
1154 944
1155 943
1155 944
1156 943
1157 943
1158 942
1158 943
1159 942
1160 942
1161 941
1161 942
1162 941
1163 941
1164 940
1165 940
1166 939
1166 940
1167 939
1168 939
1169 938
1169 939
1170 938
1171 938
1172 937
1172 938
1173 937
1174 937
1175 936
1176 936
1177 935
1177 936
1178 935
1179 935
1180 934
1180 935
1181 934
1182 934
1183 933
1183 934
1184 933
1185 932
1185 933
1186 932
1187 932
1188 931
1188 932
1189 931
1190 931
1191 930
1191 931
1192 930
1193 930
1194 929
1194 930
1195 929
1196 929
1197 928
1198 928
1199 927
1199 928
1200 927
1201 927
1202 926
1202 927
1203 926
1204 926
1205 925
1205 926
1206 925
1207 924
1207 925
1208 924
1209 924
1210 923
1210 924
1211 923
1212 923
1213 922
1213 923
1214 922
1215 922
1216 921
1216 922
1217 921
1218 920
1218 921
1219 920
1220 920
1221 919
1221 920
1222 919
1223 919
1224 918
1224 919
1225 918
1226 918
1227 917
1227 918
1228 917
1229 917
1230 916
1231 916
1232 915
1232 916
1233 915
1234 915
1235 914
1235 915
1236 914
1237 914
1238 913
1238 914
1239 913
1240 912
1240 913
1241 912
1242 912
1243 911
1243 912
1244 911
1245 911
1246 910
1246 911
1247 910
1248 910
1249 909
1249 910
1250 909
1251 908
1251 909
1252 908
1253 908
1254 907
1254 908
1255 907
1256 907
1257 906
1257 907
1258 906
1259 906
1260 905
1260 906
1261 905
1262 904
1262 905
1263 904
1264 904
1265 903
1265 904
1266 903
1267 903
1268 902
1268 903
1269 902
1270 902
1271 901
1271 902
1272 901
1273 900
1273 901
1274 900
1275 900
1276 899
1276 900
1277 899
1278 899
1279 898
1279 899
1280 898
1281 898
1282 897
1282 898
1283 897
1284 896
1284 897
1285 896
1286 896
1287 895
1287 896
1288 895
1289 895
1290 894
1290 895
1291 894
1292 894
1293 893
1293 894
1294 893
1295 892
1295 893
1296 892
1297 892
1298 891
1298 892
1299 891
1300 891
1301 890
1301 891
1302 890
1303 890
1304 889
1304 890
1305 889
1306 888
1306 889
1307 888
1308 888
1309 887
1309 888
1310 887
1311 887
1312 886
1312 887
1313 886
1314 886
1315 885
1315 886
1316 885
1317 884
1317 885
1318 884
1319 884
1320 883
1320 884
1321 883
1322 883
1323 882
1323 883
1324 882
1325 882
1326 881
1327 881
1328 880
1328 881
1329 880
1330 880
1331 879
1331 880
1332 879
1333 879
1334 878
1334 879
1335 878
1336 878
1337 877
1337 878
1338 877
1339 876
1339 877
1340 876
1341 876
1342 875
1342 876
1343 875
1344 875
1345 874
1345 875
1346 874
1347 874
1348 873
1349 873
1350 872
1350 873
1351 872
1352 872
1353 871
1353 872
1354 871
1355 871
1356 870
1356 871
1357 870
1358 870
1359 869
1360 869
1361 868
1361 869
1362 868
1363 868
1364 867
1364 868
1365 867
1366 867
1367 866
1367 867
1368 866
1369 866
1370 865
1370 866
1371 865
1372 864
1372 865
1373 864
1374 864
1375 863
1375 864
1376 863
