n = 5000
m = 5000
h = 0.0002000000

# Scenario : ligne
# Parametres : angle=-20, longueur=0.5, hauteur=0.15, decalage=0.1
# Nombre de sources : 2477

sources:
1560 2842
1561 2842
1562 2841
1562 2842
1563 2841
1564 2841
1565 2840
1566 2840
1567 2839
1567 2840
1568 2839
1569 2839
1570 2838
1570 2839
1571 2838
1572 2838
1573 2837
1573 2838
1574 2837
1575 2837
1576 2836
1577 2836
1578 2835
1578 2836
1579 2835
1580 2835
1581 2834
1581 2835
1582 2834
1583 2834
1584 2833
1584 2834
1585 2833
1586 2833
1587 2832
1588 2832
1589 2831
1589 2832
1590 2831
1591 2831
1592 2830
1592 2831
1593 2830
1594 2830
1595 2829
1595 2830
1596 2829
1597 2829
1598 2828
1599 2828
1600 2827
1600 2828
1601 2827
1602 2827
1603 2826
1603 2827
1604 2826
1605 2826
1606 2825
1606 2826
1607 2825
1608 2824
1608 2825
1609 2824
1610 2824
1611 2823
1611 2824
1612 2823
1613 2823
1614 2822
1614 2823
1615 2822
1616 2822
1617 2821
1617 2822
1618 2821
1619 2821
1620 2820
1621 2820
1622 2819
1622 2820
1623 2819
1624 2819
1625 2818
1625 2819
1626 2818
1627 2818
1628 2817
1628 2818
1629 2817
1630 2816
1630 2817
1631 2816
1632 2816
1633 2815
1633 2816
1634 2815
1635 2815
1636 2814
1636 2815
1637 2814
1638 2814
1639 2813
1639 2814
1640 2813
1641 2812
1641 2813
1642 2812
1643 2812
1644 2811
1644 2812
1645 2811
1646 2811
1647 2810
1647 2811
1648 2810
1649 2810
1650 2809
1650 2810
1651 2809
1652 2809
1653 2808
1654 2808
1655 2807
1655 2808
1656 2807
1657 2807
1658 2806
1658 2807
1659 2806
1660 2806
1661 2805
1661 2806
1662 2805
1663 2804
1663 2805
1664 2804
1665 2804
1666 2803
1666 2804
1667 2803
1668 2803
1669 2802
1669 2803
1670 2802
1671 2802
1672 2801
1672 2802
1673 2801
1674 2800
1674 2801
1675 2800
1676 2800
1677 2799
1677 2800
1678 2799
1679 2799
1680 2798
1680 2799
1681 2798
1682 2798
1683 2797
1683 2798
1684 2797
1685 2796
1685 2797
1686 2796
1687 2796
1688 2795
1688 2796
1689 2795
1690 2795
1691 2794
1691 2795
1692 2794
1693 2794
1694 2793
1694 2794
1695 2793
1696 2792
1696 2793
1697 2792
1698 2792
1699 2791
1699 2792
1700 2791
1701 2791
1702 2790
1702 2791
1703 2790
1704 2790
1705 2789
1705 2790
1706 2789
1707 2788
1707 2789
1708 2788
1709 2788
1710 2787
1710 2788
1711 2787
1712 2787
1713 2786
1713 2787
1714 2786
1715 2786
1716 2785
1716 2786
1717 2785
1718 2784
1718 2785
1719 2784
1720 2784
1721 2783
1721 2784
1722 2783
1723 2783
1724 2782
1724 2783
1725 2782
1726 2782
1727 2781
1727 2782
1728 2781
1729 2780
1729 2781
1730 2780
1731 2780
1732 2779
1732 2780
1733 2779
1734 2779
1735 2778
1735 2779
1736 2778
1737 2778
1738 2777
1738 2778
1739 2777
1740 2776
1740 2777
1741 2776
1742 2776
1743 2775
1743 2776
1744 2775
1745 2775
1746 2774
1746 2775
1747 2774
1748 2774
1749 2773
1750 2773
1751 2772
1751 2773
1752 2772
1753 2772
1754 2771
1754 2772
1755 2771
1756 2771
1757 2770
1757 2771
1758 2770
1759 2770
1760 2769
1760 2770
1761 2769
1762 2768
1762 2769
1763 2768
1764 2768
1765 2767
1765 2768
1766 2767
1767 2767
1768 2766
1768 2767
1769 2766
1770 2766
1771 2765
1772 2765
1773 2764
1773 2765
1774 2764
1775 2764
1776 2763
1776 2764
1777 2763
1778 2763
1779 2762
1779 2763
1780 2762
1781 2762
1782 2761
1783 2761
1784 2760
1784 2761
1785 2760
1786 2760
1787 2759
1787 2760
1788 2759
1789 2759
1790 2758
1790 2759
1791 2758
1792 2758
1793 2757
1794 2757
1795 2756
1795 2757
1796 2756
1797 2756
1798 2755
1798 2756
1799 2755
1800 2755
1801 2754
1801 2755
1802 2754
1803 2754
1804 2753
1805 2753
1806 2752
1806 2753
1807 2752
1808 2752
1809 2751
1809 2752
1810 2751
1811 2751
1812 2750
1812 2751
1813 2750
1814 2750
1815 2749
1816 2749
1817 2748
1817 2749
1818 2748
1819 2748
1820 2747
1820 2748
1821 2747
1822 2747
1823 2746
1823 2747
1824 2746
1825 2746
1826 2745
1827 2745
1828 2744
1828 2745
1829 2744
1830 2744
1831 2743
1831 2744
1832 2743
1833 2743
1834 2742
1834 2743
1835 2742
1836 2742
1837 2741
1838 2741
1839 2740
1839 2741
1840 2740
1841 2740
1842 2739
1842 2740
1843 2739
1844 2739
1845 2738
1845 2739
1846 2738
1847 2738
1848 2737
1849 2737
1850 2736
1850 2737
1851 2736
1852 2736
1853 2735
1853 2736
1854 2735
1855 2735
1856 2734
1856 2735
1857 2734
1858 2734
1859 2733
1860 2733
1861 2732
1861 2733
1862 2732
1863 2732
1864 2731
1864 2732
1865 2731
1866 2731
1867 2730
1867 2731
1868 2730
1869 2729
1869 2730
1870 2729
1871 2729
1872 2728
1872 2729
1873 2728
1874 2728
1875 2727
1875 2728
1876 2727
1877 2727
1878 2726
1878 2727
1879 2726
1880 2726
1881 2725
1882 2725
1883 2724
1883 2725
1884 2724
1885 2724
1886 2723
1886 2724
1887 2723
1888 2723
1889 2722
1889 2723
1890 2722
1891 2722
1892 2721
1893 2721
1894 2720
1894 2721
1895 2720
1896 2720
1897 2719
1897 2720
1898 2719
1899 2719
1900 2718
1900 2719
1901 2718
1902 2717
1902 2718
1903 2717
1904 2717
1905 2716
1905 2717
1906 2716
1907 2716
1908 2715
1908 2716
1909 2715
1910 2715
1911 2714
1911 2715
1912 2714
1913 2714
1914 2713
1915 2713
1916 2712
1916 2713
1917 2712
1918 2712
1919 2711
1919 2712
1920 2711
1921 2711
1922 2710
1922 2711
1923 2710
1924 2709
1924 2710
1925 2709
1926 2709
1927 2708
1927 2709
1928 2708
1929 2708
1930 2707
1930 2708
1931 2707
1932 2707
1933 2706
1933 2707
1934 2706
1935 2705
1935 2706
1936 2705
1937 2705
1938 2704
1938 2705
1939 2704
1940 2704
1941 2703
1941 2704
1942 2703
1943 2703
1944 2702
1944 2703
1945 2702
1946 2701
1946 2702
1947 2701
1948 2701
1949 2700
1949 2701
1950 2700
1951 2700
1952 2699
1952 2700
1953 2699
1954 2699
1955 2698
1955 2699
1956 2698
1957 2697
1957 2698
1958 2697
1959 2697
1960 2696
1960 2697
1961 2696
1962 2696
1963 2695
1963 2696
1964 2695
1965 2695
1966 2694
1966 2695
1967 2694
1968 2693
1968 2694
1969 2693
1970 2693
1971 2692
1971 2693
1972 2692
1973 2692
1974 2691
1974 2692
1975 2691
1976 2691
1977 2690
1977 2691
1978 2690
1979 2689
1979 2690
1980 2689
1981 2689
1982 2688
1982 2689
1983 2688
1984 2688
1985 2687
1985 2688
1986 2687
1987 2687
1988 2686
1988 2687
1989 2686
1990 2685
1990 2686
1991 2685
1992 2685
1993 2684
1993 2685
1994 2684
1995 2684
1996 2683
1996 2684
1997 2683
1998 2683
1999 2682
1999 2683
2000 2682
2001 2681
2001 2682
2002 2681
2003 2681
2004 2680
2004 2681
2005 2680
2006 2680
2007 2679
2007 2680
2008 2679
2009 2679
2010 2678
2011 2678
2012 2677
2012 2678
2013 2677
2014 2677
2015 2676
2015 2677
2016 2676
2017 2676
2018 2675
2018 2676
2019 2675
2020 2675
2021 2674
2021 2675
2022 2674
2023 2673
2023 2674
2024 2673
2025 2673
2026 2672
2026 2673
2027 2672
2028 2672
2029 2671
2029 2672
2030 2671
2031 2671
2032 2670
2033 2670
2034 2669
2034 2670
2035 2669
2036 2669
2037 2668
2037 2669
2038 2668
2039 2668
2040 2667
2040 2668
2041 2667
2042 2667
2043 2666
2044 2666
2045 2665
2045 2666
2046 2665
2047 2665
2048 2664
2048 2665
2049 2664
2050 2664
2051 2663
2051 2664
2052 2663
2053 2663
2054 2662
2054 2663
2055 2662
2056 2661
2056 2662
2057 2661
2058 2661
2059 2660
2059 2661
2060 2660
2061 2660
2062 2659
2062 2660
2063 2659
2064 2659
2065 2658
2066 2658
2067 2657
2067 2658
2068 2657
2069 2657
2070 2656
2070 2657
2071 2656
2072 2656
2073 2655
2073 2656
2074 2655
2075 2655
2076 2654
2077 2654
2078 2653
2078 2654
2079 2653
2080 2653
2081 2652
2081 2653
2082 2652
2083 2652
2084 2651
2084 2652
2085 2651
2086 2651
2087 2650
2088 2650
2089 2649
2089 2650
2090 2649
2091 2649
2092 2648
2092 2649
2093 2648
2094 2648
2095 2647
2095 2648
2096 2647
2097 2647
2098 2646
2099 2646
2100 2645
2100 2646
2101 2645
2102 2645
2103 2644
2103 2645
2104 2644
2105 2644
2106 2643
2106 2644
2107 2643
2108 2643
2109 2642
2110 2642
2111 2641
2111 2642
2112 2641
2113 2641
2114 2640
2114 2641
2115 2640
2116 2640
2117 2639
2117 2640
2118 2639
2119 2639
2120 2638
2121 2638
2122 2637
2122 2638
2123 2637
2124 2637
2125 2636
2125 2637
2126 2636
2127 2636
2128 2635
2128 2636
2129 2635
2130 2634
2130 2635
2131 2634
2132 2634
2133 2633
2133 2634
2134 2633
2135 2633
2136 2632
2136 2633
2137 2632
2138 2632
2139 2631
2139 2632
2140 2631
2141 2631
2142 2630
2143 2630
2144 2629
2144 2630
2145 2629
2146 2629
2147 2628
2147 2629
2148 2628
2149 2628
2150 2627
2150 2628
2151 2627
2152 2627
2153 2626
2154 2626
2155 2625
2155 2626
2156 2625
2157 2625
2158 2624
2158 2625
2159 2624
2160 2624
2161 2623
2161 2624
2162 2623
2163 2622
2163 2623
2164 2622
2165 2622
2166 2621
2166 2622
2167 2621
2168 2621
2169 2620
2169 2621
2170 2620
2171 2620
2172 2619
2172 2620
2173 2619
2174 2619
2175 2618
2176 2618
2177 2617
2177 2618
2178 2617
2179 2617
2180 2616
2180 2617
2181 2616
2182 2616
2183 2615
2183 2616
2184 2615
2185 2614
2185 2615
2186 2614
2187 2614
2188 2613
2188 2614
2189 2613
2190 2613
2191 2612
2191 2613
2192 2612
2193 2612
2194 2611
2194 2612
2195 2611
2196 2610
2196 2611
2197 2610
2198 2610
2199 2609
2199 2610
2200 2609
2201 2609
2202 2608
2202 2609
2203 2608
2204 2608
2205 2607
2205 2608
2206 2607
2207 2606
2207 2607
2208 2606
2209 2606
2210 2605
2210 2606
2211 2605
2212 2605
2213 2604
2213 2605
2214 2604
2215 2604
2216 2603
2216 2604
2217 2603
2218 2602
2218 2603
2219 2602
2220 2602
2221 2601
2221 2602
2222 2601
2223 2601
2224 2600
2224 2601
2225 2600
2226 2600
2227 2599
2227 2600
2228 2599
2229 2598
2229 2599
2230 2598
2231 2598
2232 2597
2232 2598
2233 2597
2234 2597
2235 2596
2235 2597
2236 2596
2237 2596
2238 2595
2238 2596
2239 2595
2240 2594
2240 2595
2241 2594
2242 2594
2243 2593
2243 2594
2244 2593
2245 2593
2246 2592
2246 2593
2247 2592
2248 2592
2249 2591
2249 2592
2250 2591
2251 2590
2251 2591
2252 2590
2253 2590
2254 2589
2254 2590
2255 2589
2256 2589
2257 2588
2257 2589
2258 2588
2259 2588
2260 2587
2260 2588
2261 2587
2262 2586
2262 2587
2263 2586
2264 2586
2265 2585
2265 2586
2266 2585
2267 2585
2268 2584
2268 2585
2269 2584
2270 2584
2271 2583
2272 2583
2273 2582
2273 2583
2274 2582
2275 2582
2276 2581
2276 2582
2277 2581
2278 2581
2279 2580
2279 2581
2280 2580
2281 2580
2282 2579
2282 2580
2283 2579
2284 2578
2284 2579
2285 2578
2286 2578
2287 2577
2287 2578
2288 2577
2289 2577
2290 2576
2290 2577
2291 2576
2292 2576
2293 2575
2293 2576
2294 2575
2295 2574
2295 2575
2296 2574
2297 2574
2298 2573
2298 2574
2299 2573
2300 2573
2301 2572
2301 2573
2302 2572
2303 2572
2304 2571
2305 2571
2306 2570
2306 2571
2307 2570
2308 2570
2309 2569
2309 2570
2310 2569
2311 2569
2312 2568
2312 2569
2313 2568
2314 2568
2315 2567
2315 2568
2316 2567
2317 2566
2317 2567
2318 2566
2319 2566
2320 2565
2320 2566
2321 2565
2322 2565
2323 2564
2323 2565
2324 2564
2325 2564
2326 2563
2327 2563
2328 2562
2328 2563
2329 2562
2330 2562
2331 2561
2331 2562
2332 2561
2333 2561
2334 2560
2334 2561
2335 2560
2336 2560
2337 2559
2338 2559
2339 2558
2339 2559
2340 2558
2341 2558
2342 2557
2342 2558
2343 2557
2344 2557
2345 2556
2345 2557
2346 2556
2347 2556
2348 2555
2349 2555
2350 2554
2350 2555
2351 2554
2352 2554
2353 2553
2353 2554
2354 2553
2355 2553
2356 2552
2356 2553
2357 2552
2358 2552
2359 2551
2360 2551
2361 2550
2361 2551
2362 2550
2363 2550
2364 2549
2364 2550
2365 2549
2366 2549
2367 2548
2367 2549
2368 2548
2369 2548
2370 2547
2371 2547
2372 2546
2372 2547
2373 2546
2374 2546
2375 2545
2375 2546
2376 2545
2377 2545
2378 2544
2378 2545
2379 2544
2380 2544
2381 2543
2382 2543
2383 2542
2383 2543
2384 2542
2385 2542
2386 2541
2386 2542
2387 2541
2388 2541
2389 2540
2389 2541
2390 2540
2391 2540
2392 2539
2393 2539
2394 2538
2394 2539
2395 2538
2396 2538
2397 2537
2397 2538
2398 2537
2399 2537
2400 2536
2400 2537
2401 2536
2402 2536
2403 2535
2404 2535
2405 2534
2405 2535
2406 2534
2407 2534
2408 2533
2408 2534
2409 2533
2410 2533
2411 2532
2411 2533
2412 2532
2413 2532
2414 2531
2415 2531
2416 2530
2416 2531
2417 2530
2418 2530
2419 2529
2419 2530
2420 2529
2421 2529
2422 2528
2422 2529
2423 2528
2424 2527
2424 2528
2425 2527
2426 2527
2427 2526
2427 2527
2428 2526
2429 2526
2430 2525
2430 2526
2431 2525
2432 2525
2433 2524
2433 2525
2434 2524
2435 2524
2436 2523
2437 2523
2438 2522
2438 2523
2439 2522
2440 2522
2441 2521
2441 2522
2442 2521
2443 2521
2444 2520
2444 2521
2445 2520
2446 2519
2446 2520
2447 2519
2448 2519
2449 2518
2449 2519
2450 2518
2451 2518
2452 2517
2452 2518
2453 2517
2454 2517
2455 2516
2455 2517
2456 2516
2457 2515
2457 2516
2458 2515
2459 2515
2460 2514
2460 2515
2461 2514
2462 2514
2463 2513
2463 2514
2464 2513
2465 2513
2466 2512
2466 2513
2467 2512
2468 2512
2469 2511
2470 2511
2471 2510
2471 2511
2472 2510
2473 2510
2474 2509
2474 2510
2475 2509
2476 2509
2477 2508
2477 2509
2478 2508
2479 2507
2479 2508
2480 2507
2481 2507
2482 2506
2482 2507
2483 2506
2484 2506
2485 2505
2485 2506
2486 2505
2487 2505
2488 2504
2488 2505
2489 2504
2490 2503
2490 2504
2491 2503
2492 2503
2493 2502
2493 2503
2494 2502
2495 2502
2496 2501
2496 2502
2497 2501
2498 2501
2499 2500
2499 2501
2500 2500
2501 2499
2501 2500
2502 2499
2503 2499
2504 2498
2504 2499
2505 2498
2506 2498
2507 2497
2507 2498
2508 2497
2509 2497
2510 2496
2510 2497
2511 2496
2512 2495
2512 2496
2513 2495
2514 2495
2515 2494
2515 2495
2516 2494
2517 2494
2518 2493
2518 2494
2519 2493
2520 2493
2521 2492
2521 2493
2522 2492
2523 2491
2523 2492
2524 2491
2525 2491
2526 2490
2526 2491
2527 2490
2528 2490
2529 2489
2529 2490
2530 2489
2531 2489
2532 2488
2533 2488
2534 2487
2534 2488
2535 2487
2536 2487
2537 2486
2537 2487
2538 2486
2539 2486
2540 2485
2540 2486
2541 2485
2542 2485
2543 2484
2543 2485
2544 2484
2545 2483
2545 2484
2546 2483
2547 2483
2548 2482
2548 2483
2549 2482
2550 2482
2551 2481
2551 2482
2552 2481
2553 2481
2554 2480
2554 2481
2555 2480
2556 2479
2556 2480
2557 2479
2558 2479
2559 2478
2559 2479
2560 2478
2561 2478
2562 2477
2562 2478
2563 2477
2564 2477
2565 2476
2566 2476
2567 2475
2567 2476
2568 2475
2569 2475
2570 2474
2570 2475
2571 2474
2572 2474
2573 2473
2573 2474
2574 2473
2575 2473
2576 2472
2576 2473
2577 2472
2578 2471
2578 2472
2579 2471
2580 2471
2581 2470
2581 2471
2582 2470
2583 2470
2584 2469
2584 2470
2585 2469
2586 2469
2587 2468
2588 2468
2589 2467
2589 2468
2590 2467
2591 2467
2592 2466
2592 2467
2593 2466
2594 2466
2595 2465
2595 2466
2596 2465
2597 2465
2598 2464
2599 2464
2600 2463
2600 2464
2601 2463
2602 2463
2603 2462
2603 2463
2604 2462
2605 2462
2606 2461
2606 2462
2607 2461
2608 2461
2609 2460
2610 2460
2611 2459
2611 2460
2612 2459
2613 2459
2614 2458
2614 2459
2615 2458
2616 2458
2617 2457
2617 2458
2618 2457
2619 2457
2620 2456
2621 2456
2622 2455
2622 2456
2623 2455
2624 2455
2625 2454
2625 2455
2626 2454
2627 2454
2628 2453
2628 2454
2629 2453
2630 2453
2631 2452
2632 2452
2633 2451
2633 2452
2634 2451
2635 2451
2636 2450
2636 2451
2637 2450
2638 2450
2639 2449
2639 2450
2640 2449
2641 2449
2642 2448
2643 2448
2644 2447
2644 2448
2645 2447
2646 2447
2647 2446
2647 2447
2648 2446
2649 2446
2650 2445
2650 2446
2651 2445
2652 2445
2653 2444
2654 2444
2655 2443
2655 2444
2656 2443
2657 2443
2658 2442
2658 2443
2659 2442
2660 2442
2661 2441
2661 2442
2662 2441
2663 2441
2664 2440
2665 2440
2666 2439
2666 2440
2667 2439
2668 2439
2669 2438
2669 2439
2670 2438
2671 2438
2672 2437
2672 2438
2673 2437
2674 2437
2675 2436
2676 2436
2677 2435
2677 2436
2678 2435
2679 2435
2680 2434
2680 2435
2681 2434
2682 2434
2683 2433
2683 2434
2684 2433
2685 2432
2685 2433
2686 2432
2687 2432
2688 2431
2688 2432
2689 2431
2690 2431
2691 2430
2691 2431
2692 2430
2693 2430
2694 2429
2694 2430
2695 2429
2696 2429
2697 2428
2698 2428
2699 2427
2699 2428
2700 2427
2701 2427
2702 2426
2702 2427
2703 2426
2704 2426
2705 2425
2705 2426
2706 2425
2707 2424
2707 2425
2708 2424
2709 2424
2710 2423
2710 2424
2711 2423
2712 2423
2713 2422
2713 2423
2714 2422
2715 2422
2716 2421
2716 2422
2717 2421
2718 2420
2718 2421
2719 2420
2720 2420
2721 2419
2721 2420
2722 2419
2723 2419
2724 2418
2724 2419
2725 2418
2726 2418
2727 2417
2727 2418
2728 2417
2729 2417
2730 2416
2731 2416
2732 2415
2732 2416
2733 2415
2734 2415
2735 2414
2735 2415
2736 2414
2737 2414
2738 2413
2738 2414
2739 2413
2740 2412
2740 2413
2741 2412
2742 2412
2743 2411
2743 2412
2744 2411
2745 2411
2746 2410
2746 2411
2747 2410
2748 2410
2749 2409
2749 2410
2750 2409
2751 2408
2751 2409
2752 2408
2753 2408
2754 2407
2754 2408
2755 2407
2756 2407
2757 2406
2757 2407
2758 2406
2759 2406
2760 2405
2760 2406
2761 2405
2762 2404
2762 2405
2763 2404
2764 2404
2765 2403
2765 2404
2766 2403
2767 2403
2768 2402
2768 2403
2769 2402
2770 2402
2771 2401
2771 2402
2772 2401
2773 2400
2773 2401
2774 2400
2775 2400
2776 2399
2776 2400
2777 2399
2778 2399
2779 2398
2779 2399
2780 2398
2781 2398
2782 2397
2782 2398
2783 2397
2784 2396
2784 2397
2785 2396
2786 2396
2787 2395
2787 2396
2788 2395
2789 2395
2790 2394
2790 2395
2791 2394
2792 2394
2793 2393
2793 2394
2794 2393
2795 2392
2795 2393
2796 2392
2797 2392
2798 2391
2798 2392
2799 2391
2800 2391
2801 2390
2801 2391
2802 2390
2803 2390
2804 2389
2804 2390
2805 2389
2806 2388
2806 2389
2807 2388
2808 2388
2809 2387
2809 2388
2810 2387
2811 2387
2812 2386
2812 2387
2813 2386
2814 2386
2815 2385
2815 2386
2816 2385
2817 2384
2817 2385
2818 2384
2819 2384
2820 2383
2820 2384
2821 2383
2822 2383
2823 2382
2823 2383
2824 2382
2825 2382
2826 2381
2827 2381
2828 2380
2828 2381
2829 2380
2830 2380
2831 2379
2831 2380
2832 2379
2833 2379
2834 2378
2834 2379
2835 2378
2836 2378
2837 2377
2837 2378
2838 2377
2839 2376
2839 2377
2840 2376
2841 2376
2842 2375
2842 2376
2843 2375
2844 2375
2845 2374
2845 2375
2846 2374
2847 2374
2848 2373
2849 2373
2850 2372
2850 2373
2851 2372
2852 2372
2853 2371
2853 2372
2854 2371
2855 2371
2856 2370
2856 2371
2857 2370
2858 2370
2859 2369
2860 2369
2861 2368
2861 2369
2862 2368
2863 2368
2864 2367
2864 2368
2865 2367
2866 2367
2867 2366
2867 2367
2868 2366
2869 2366
2870 2365
2870 2366
2871 2365
2872 2364
2872 2365
2873 2364
2874 2364
2875 2363
2875 2364
2876 2363
2877 2363
2878 2362
2878 2363
2879 2362
2880 2362
2881 2361
2882 2361
2883 2360
2883 2361
2884 2360
2885 2360
2886 2359
2886 2360
2887 2359
2888 2359
2889 2358
2889 2359
2890 2358
2891 2358
2892 2357
2893 2357
2894 2356
2894 2357
2895 2356
2896 2356
2897 2355
2897 2356
2898 2355
2899 2355
2900 2354
2900 2355
2901 2354
2902 2354
2903 2353
2904 2353
2905 2352
2905 2353
2906 2352
2907 2352
2908 2351
2908 2352
2909 2351
2910 2351
2911 2350
2911 2351
2912 2350
2913 2350
2914 2349
2915 2349
2916 2348
2916 2349
2917 2348
2918 2348
2919 2347
2919 2348
2920 2347
2921 2347
2922 2346
2922 2347
2923 2346
2924 2346
2925 2345
2926 2345
2927 2344
2927 2345
2928 2344
2929 2344
2930 2343
2930 2344
2931 2343
2932 2343
2933 2342
2933 2343
2934 2342
2935 2342
2936 2341
2937 2341
2938 2340
2938 2341
2939 2340
2940 2340
2941 2339
2941 2340
2942 2339
2943 2339
2944 2338
2944 2339
2945 2338
2946 2337
2946 2338
2947 2337
2948 2337
2949 2336
2949 2337
2950 2336
2951 2336
2952 2335
2952 2336
2953 2335
2954 2335
2955 2334
2955 2335
2956 2334
2957 2334
2958 2333
2959 2333
2960 2332
2960 2333
2961 2332
2962 2332
2963 2331
2963 2332
2964 2331
2965 2331
2966 2330
2966 2331
2967 2330
2968 2330
2969 2329
2970 2329
2971 2328
2971 2329
2972 2328
2973 2328
2974 2327
2974 2328
2975 2327
2976 2327
2977 2326
2977 2327
2978 2326
2979 2325
2979 2326
2980 2325
2981 2325
2982 2324
2982 2325
2983 2324
2984 2324
2985 2323
2985 2324
2986 2323
2987 2323
2988 2322
2988 2323
2989 2322
2990 2322
2991 2321
2992 2321
2993 2320
2993 2321
2994 2320
2995 2320
2996 2319
2996 2320
2997 2319
2998 2319
2999 2318
2999 2319
3000 2318
3001 2317
3001 2318
3002 2317
3003 2317
3004 2316
3004 2317
3005 2316
3006 2316
3007 2315
3007 2316
3008 2315
3009 2315
3010 2314
3010 2315
3011 2314
3012 2313
3012 2314
3013 2313
3014 2313
3015 2312
3015 2313
3016 2312
3017 2312
3018 2311
3018 2312
3019 2311
3020 2311
3021 2310
3021 2311
3022 2310
3023 2309
3023 2310
3024 2309
3025 2309
3026 2308
3026 2309
3027 2308
3028 2308
3029 2307
3029 2308
3030 2307
3031 2307
3032 2306
3032 2307
3033 2306
3034 2305
3034 2306
3035 2305
3036 2305
3037 2304
3037 2305
3038 2304
3039 2304
3040 2303
3040 2304
3041 2303
3042 2303
3043 2302
3043 2303
3044 2302
3045 2301
3045 2302
3046 2301
3047 2301
3048 2300
3048 2301
3049 2300
3050 2300
3051 2299
3051 2300
3052 2299
3053 2299
3054 2298
3054 2299
3055 2298
3056 2297
3056 2298
3057 2297
3058 2297
3059 2296
3059 2297
3060 2296
3061 2296
3062 2295
3062 2296
3063 2295
3064 2295
3065 2294
3065 2295
3066 2294
3067 2293
3067 2294
3068 2293
3069 2293
3070 2292
3070 2293
3071 2292
3072 2292
3073 2291
3073 2292
3074 2291
3075 2291
3076 2290
3076 2291
3077 2290
3078 2289
3078 2290
3079 2289
3080 2289
3081 2288
3081 2289
3082 2288
3083 2288
3084 2287
3084 2288
3085 2287
3086 2287
3087 2286
3088 2286
3089 2285
3089 2286
3090 2285
3091 2285
3092 2284
3092 2285
3093 2284
3094 2284
3095 2283
3095 2284
3096 2283
3097 2283
3098 2282
3098 2283
3099 2282
3100 2281
3100 2282
3101 2281
3102 2281
3103 2280
3103 2281
3104 2280
3105 2280
3106 2279
3106 2280
3107 2279
3108 2279
3109 2278
3110 2278
3111 2277
3111 2278
3112 2277
3113 2277
3114 2276
3114 2277
3115 2276
3116 2276
3117 2275
3117 2276
3118 2275
3119 2275
3120 2274
3121 2274
3122 2273
3122 2274
3123 2273
3124 2273
3125 2272
3125 2273
3126 2272
3127 2272
3128 2271
3128 2272
3129 2271
3130 2271
3131 2270
3131 2271
3132 2270
3133 2269
3133 2270
3134 2269
3135 2269
3136 2268
3136 2269
3137 2268
3138 2268
3139 2267
3139 2268
3140 2267
3141 2267
3142 2266
3143 2266
3144 2265
3144 2266
3145 2265
3146 2265
3147 2264
3147 2265
3148 2264
3149 2264
3150 2263
3150 2264
3151 2263
3152 2263
3153 2262
3154 2262
3155 2261
3155 2262
3156 2261
3157 2261
3158 2260
3158 2261
3159 2260
3160 2260
3161 2259
3161 2260
3162 2259
3163 2259
3164 2258
3165 2258
3166 2257
3166 2258
3167 2257
3168 2257
3169 2256
3169 2257
3170 2256
3171 2256
3172 2255
3172 2256
3173 2255
3174 2255
3175 2254
3176 2254
3177 2253
3177 2254
3178 2253
3179 2253
3180 2252
3180 2253
3181 2252
3182 2252
3183 2251
3183 2252
3184 2251
3185 2251
3186 2250
3187 2250
3188 2249
3188 2250
3189 2249
3190 2249
3191 2248
3191 2249
3192 2248
3193 2248
3194 2247
3194 2248
3195 2247
3196 2247
3197 2246
3198 2246
3199 2245
3199 2246
3200 2245
3201 2245
3202 2244
3202 2245
3203 2244
3204 2244
3205 2243
3205 2244
3206 2243
3207 2243
3208 2242
3209 2242
3210 2241
3210 2242
3211 2241
3212 2241
3213 2240
3213 2241
3214 2240
3215 2240
3216 2239
3216 2240
3217 2239
3218 2239
3219 2238
3220 2238
3221 2237
3221 2238
3222 2237
3223 2237
3224 2236
3224 2237
3225 2236
3226 2236
3227 2235
3227 2236
3228 2235
3229 2235
3230 2234
3231 2234
3232 2233
3232 2234
3233 2233
3234 2233
3235 2232
3235 2233
3236 2232
3237 2232
3238 2231
3238 2232
3239 2231
3240 2230
3240 2231
3241 2230
3242 2230
3243 2229
3243 2230
3244 2229
3245 2229
3246 2228
3246 2229
3247 2228
3248 2228
3249 2227
3249 2228
3250 2227
3251 2227
3252 2226
3253 2226
3254 2225
3254 2226
3255 2225
3256 2225
3257 2224
3257 2225
3258 2224
3259 2224
3260 2223
3260 2224
3261 2223
3262 2222
3262 2223
3263 2222
3264 2222
3265 2221
3265 2222
3266 2221
3267 2221
3268 2220
3268 2221
3269 2220
3270 2220
3271 2219
3271 2220
3272 2219
3273 2218
3273 2219
3274 2218
3275 2218
3276 2217
3276 2218
3277 2217
3278 2217
3279 2216
3279 2217
3280 2216
3281 2216
3282 2215
3282 2216
3283 2215
3284 2214
3284 2215
3285 2214
3286 2214
3287 2213
3287 2214
3288 2213
3289 2213
3290 2212
3290 2213
3291 2212
3292 2212
3293 2211
3293 2212
3294 2211
3295 2210
3295 2211
3296 2210
3297 2210
3298 2209
3298 2210
3299 2209
3300 2209
3301 2208
3301 2209
3302 2208
3303 2208
3304 2207
3304 2208
3305 2207
3306 2206
3306 2207
3307 2206
3308 2206
3309 2205
3309 2206
3310 2205
3311 2205
3312 2204
3312 2205
3313 2204
3314 2204
3315 2203
3315 2204
3316 2203
3317 2202
3317 2203
3318 2202
3319 2202
3320 2201
3320 2202
3321 2201
3322 2201
3323 2200
3323 2201
3324 2200
3325 2200
3326 2199
3326 2200
3327 2199
3328 2198
3328 2199
3329 2198
3330 2198
3331 2197
3331 2198
3332 2197
3333 2197
3334 2196
3334 2197
3335 2196
3336 2196
3337 2195
3337 2196
3338 2195
3339 2194
3339 2195
3340 2194
3341 2194
3342 2193
3342 2194
3343 2193
3344 2193
3345 2192
3345 2193
3346 2192
3347 2192
3348 2191
3349 2191
3350 2190
3350 2191
3351 2190
3352 2190
3353 2189
3353 2190
3354 2189
3355 2189
3356 2188
3356 2189
3357 2188
3358 2188
3359 2187
3359 2188
3360 2187
3361 2186
3361 2187
3362 2186
3363 2186
3364 2185
3364 2186
3365 2185
3366 2185
3367 2184
3367 2185
3368 2184
3369 2184
3370 2183
3370 2184
3371 2183
3372 2182
3372 2183
3373 2182
3374 2182
3375 2181
3375 2182
3376 2181
3377 2181
3378 2180
3378 2181
3379 2180
3380 2180
3381 2179
3382 2179
3383 2178
3383 2179
3384 2178
3385 2178
3386 2177
3386 2178
3387 2177
3388 2177
3389 2176
3389 2177
3390 2176
3391 2176
3392 2175
3392 2176
3393 2175
3394 2174
3394 2175
3395 2174
3396 2174
3397 2173
3397 2174
3398 2173
3399 2173
3400 2172
3400 2173
3401 2172
3402 2172
3403 2171
3404 2171
3405 2170
3405 2171
3406 2170
3407 2170
3408 2169
3408 2170
3409 2169
3410 2169
3411 2168
3411 2169
3412 2168
3413 2168
3414 2167
3415 2167
3416 2166
3416 2167
3417 2166
3418 2166
3419 2165
3419 2166
3420 2165
3421 2165
3422 2164
3422 2165
3423 2164
3424 2164
3425 2163
3426 2163
3427 2162
3427 2163
3428 2162
3429 2162
3430 2161
3430 2162
3431 2161
3432 2161
3433 2160
3433 2161
3434 2160
3435 2160
3436 2159
3437 2159
3438 2158
3438 2159
3439 2158
3440 2158
