n = 200
m = 200
h = 0.0050000000

# Scenario : ligne
# Parametres : angle=-20, longueur=0.5, hauteur=0.15, decalage=0.1
# Nombre de sources : 103

sources:
62 114
63 113
63 114
64 113
65 113
66 112
66 113
67 112
68 112
69 111
70 111
71 110
71 111
72 110
73 110
74 109
74 110
75 109
76 109
77 108
77 109
78 108
79 107
79 108
80 107
81 107
82 106
82 107
83 106
84 106
85 105
85 106
86 105
87 105
88 104
88 105
89 104
90 103
90 104
91 103
92 103
93 102
93 103
94 102
95 102
96 101
96 102
97 101
98 101
99 100
99 101
100 100
101 99
101 100
102 99
103 99
104 98
104 99
105 98
106 98
107 97
107 98
108 97
109 97
110 96
110 97
111 96
112 95
112 96
113 95
114 95
115 94
115 95
116 94
117 94
118 93
118 94
119 93
120 93
121 92
121 93
122 92
123 91
123 92
124 91
125 91
126 90
126 91
127 90
128 90
129 89
129 90
130 89
131 89
132 88
133 88
134 87
134 88
135 87
136 87
137 86
137 87
138 86
