n = 1000
m = 1000
h = 0.0010000000

# Scenario : ligne
# Parametres : angle=-20, longueur=0.5, hauteur=0.15, decalage=0.1
# Nombre de sources : 491

sources:
312 568
313 568
314 568
315 567
315 568
316 567
317 566
317 567
318 566
319 566
320 565
320 566
321 565
322 565
323 564
323 565
324 564
325 564
326 563
327 563
328 562
328 563
329 562
330 562
331 561
331 562
332 561
333 561
334 560
334 561
335 560
336 560
337 559
338 559
339 558
339 559
340 558
341 558
342 557
342 558
343 557
344 557
345 556
345 557
346 556
347 556
348 555
349 555
350 554
350 555
351 554
352 554
353 553
353 554
354 553
355 553
356 552
356 553
357 552
358 552
359 551
360 551
361 550
361 551
362 550
363 550
364 549
364 550
365 549
366 549
367 548
367 549
368 548
369 548
370 547
371 547
372 546
372 547
373 546
374 546
375 545
375 546
376 545
377 545
378 544
378 545
379 544
380 544
381 543
382 543
383 542
383 543
384 542
385 542
386 541
386 542
387 541
388 541
389 540
389 541
390 540
391 540
392 539
393 539
394 538
394 539
395 538
396 538
397 537
397 538
398 537
399 537
400 536
400 537
401 536
402 536
403 535
404 535
405 534
405 535
406 534
407 534
408 533
408 534
409 533
410 533
411 532
411 533
412 532
413 532
414 531
415 531
416 530
416 531
417 530
418 530
419 529
419 530
420 529
421 529
422 528
422 529
423 528
424 527
424 528
425 527
426 527
427 526
427 527
428 526
429 526
430 525
430 526
431 525
432 525
433 524
433 525
434 524
435 524
436 523
437 523
438 522
438 523
439 522
440 522
441 521
441 522
442 521
443 521
444 520
444 521
445 520
446 519
446 520
447 519
448 519
449 518
449 519
450 518
451 518
452 517
452 518
453 517
454 517
455 516
455 517
456 516
457 515
457 516
458 515
459 515
460 514
460 515
461 514
462 514
463 513
463 514
464 513
465 513
466 512
466 513
467 512
468 512
469 511
470 511
471 510
471 511
472 510
473 510
474 509
474 510
475 509
476 509
477 508
477 509
478 508
479 507
479 508
480 507
481 507
482 506
482 507
483 506
484 506
485 505
485 506
486 505
487 505
488 504
488 505
489 504
490 503
490 504
491 503
492 503
493 502
493 503
494 502
495 502
496 501
496 502
497 501
498 501
499 500
499 501
500 500
501 499
501 500
502 499
503 499
504 498
504 499
505 498
506 498
507 497
507 498
508 497
509 497
510 496
510 497
511 496
512 495
512 496
513 495
514 495
515 494
515 495
516 494
517 494
518 493
518 494
519 493
520 493
521 492
521 493
522 492
523 491
523 492
524 491
525 491
526 490
526 491
527 490
528 490
529 489
529 490
530 489
531 489
532 488
533 488
534 487
534 488
535 487
536 487
537 486
537 487
538 486
539 486
540 485
540 486
541 485
542 485
543 484
543 485
544 484
545 483
545 484
546 483
547 483
548 482
548 483
549 482
550 482
551 481
551 482
552 481
553 481
554 480
554 481
555 480
556 479
556 480
557 479
558 479
559 478
559 479
560 478
561 478
562 477
562 478
563 477
564 477
565 476
566 476
567 475
567 476
568 475
569 475
570 474
570 475
571 474
572 474
573 473
573 474
574 473
575 473
576 472
576 473
577 472
578 471
578 472
579 471
580 471
581 470
581 471
582 470
583 470
584 469
584 470
585 469
586 469
587 468
588 468
589 467
589 468
590 467
591 467
592 466
592 467
593 466
594 466
595 465
595 466
596 465
597 465
598 464
599 464
600 463
600 464
601 463
602 463
603 462
603 463
604 462
605 462
606 461
606 462
607 461
608 461
609 460
610 460
611 459
611 460
612 459
613 459
614 458
614 459
615 458
616 458
617 457
617 458
618 457
619 457
620 456
621 456
622 455
622 456
623 455
624 455
625 454
625 455
626 454
627 454
628 453
628 454
629 453
630 453
631 452
632 452
633 451
633 452
634 451
635 451
636 450
636 451
637 450
638 450
639 449
639 450
640 449
641 449
642 448
643 448
644 447
644 448
645 447
646 447
647 446
647 447
648 446
649 446
650 445
650 446
651 445
652 445
653 444
654 444
655 443
655 444
656 443
657 443
658 442
658 443
659 442
660 442
661 441
661 442
662 441
663 441
664 440
665 440
666 439
666 440
667 439
668 439
669 438
669 439
670 438
671 438
672 437
672 438
673 437
674 437
675 436
676 436
677 435
677 436
678 435
679 435
680 434
680 435
681 434
682 434
683 433
683 434
684 433
685 432
685 433
686 432
687 432
688 432
