n = 500
m = 500
h = 0.0020000000

# Scenario : ligne
# Parametres : angle=-20, longueur=0.5, hauteur=0.15, decalage=0.1
# Nombre de sources : 251

sources:
156 284
157 284
158 283
158 284
159 283
160 283
161 282
161 283
162 282
163 282
164 281
165 281
166 280
166 281
167 280
168 280
169 279
169 280
170 279
171 279
172 278
172 279
173 278
174 277
174 278
175 277
176 277
177 276
177 277
178 276
179 276
180 275
180 276
181 275
182 275
183 274
183 275
184 274
185 274
186 273
187 273
188 272
188 273
189 272
190 272
191 271
191 272
192 271
193 271
194 270
194 271
195 270
196 269
196 270
197 269
198 269
199 268
199 269
200 268
201 268
202 267
202 268
203 267
204 267
205 266
205 267
206 266
207 265
207 266
208 265
209 265
210 264
210 265
211 264
212 264
213 263
213 264
214 263
215 263
216 262
216 263
217 262
218 262
219 261
220 261
221 260
221 261
222 260
223 260
224 259
224 260
225 259
226 259
227 258
227 259
228 258
229 257
229 258
230 257
231 257
232 256
232 257
233 256
234 256
235 255
235 256
236 255
237 255
238 254
238 255
239 254
240 253
240 254
241 253
242 253
243 252
243 253
244 252
245 252
246 251
246 252
247 251
248 251
249 250
249 251
250 250
251 249
251 250
252 249
253 249
254 248
254 249
255 248
256 248
257 247
257 248
258 247
259 247
260 246
260 247
261 246
262 245
262 246
263 245
264 245
265 244
265 245
266 244
267 244
268 243
268 244
269 243
270 243
271 242
271 243
272 242
273 241
273 242
274 241
275 241
276 240
276 241
277 240
278 240
279 239
279 240
280 239
281 239
282 238
283 238
284 237
284 238
285 237
286 237
287 236
287 237
288 236
289 236
290 235
290 236
291 235
292 235
293 234
293 235
294 234
295 233
295 234
296 233
297 233
298 232
298 233
299 232
300 232
301 231
301 232
302 231
303 231
304 230
304 231
305 230
306 229
306 230
307 229
308 229
309 228
309 229
310 228
311 228
312 227
312 228
313 227
314 227
315 226
316 226
317 225
317 226
318 225
319 225
320 224
320 225
321 224
322 224
323 223
323 224
324 223
325 223
326 222
326 223
327 222
328 221
328 222
329 221
330 221
331 220
331 221
332 220
333 220
334 219
334 220
335 219
336 219
337 218
338 218
339 217
339 218
340 217
341 217
342 216
342 217
343 216
344 216
